function data()
return {
	times = { 0, 41.667, 83.333, 125, 166.667, 208.333, 250, 291.667, 333.333, 375, 416.667, 458.333, 500, 541.667, 583.333, 625, 666.667, 708.333, 750, 791.667, 833.333, 875, 916.667, 958.333, 1000, 1041.667, 1083.333, 1125, 1166.667, 1208.333, 1250, 1291.667, 1333.333, 1375, 1416.667, 1458.333, 1500, 1541.667, 1583.333, 1625, 1666.667, 1708.333, 1750, 1791.667, 1833.333, 1875, 1916.667, 1958.333, 2000, 2041.667, 2083.333, 2125, 2166.667, 2208.333, 2250, 2291.667, 2333.333, 2375, 2416.667, 2458.333, 2500, 2541.667, 2583.333, 2625, 2666.667, 2708.333, 2750, 2791.667, 2833.333, 2875, 2916.667, 2958.333, 3000, 3041.667, 3083.333, 3125, 3166.667, 3208.333, 3250, 3291.667, 3333.333, 3375, 3416.667, 3458.333, 3500, 3541.667, 3583.333, 3625, 3666.667, 3708.333, 3750, 3791.667, 3833.333, 3875, 3916.667, 3958.333, 4000, 4041.667, 4083.333, 4166.667, },
	transfs = {
		{ 1, 0, 0, 0, 0, 1, 0, 0, 0, 0, 1, 0, 0, 0, 0, 1, },
		{ 0.99999958276749, 0, 0.00090620754053816, 0, 0, 1, 0, 0, -0.00090620754053816, 0, 0.99999958276749, 0, 0.0055548092350364, 0, 0, 1, },
		{ 0.99999421834946, 0, 0.0034066615626216, 0, 0, 1, 0, 0, -0.0034066615626216, 0, 0.99999421834946, 0, 0.020111083984375, 0, 0, 1, },
		{ 0.99997425079346, 0, 0.0071740783751011, 0, 0, 1, 0, 0, -0.0071740783751011, 0, 0.99997425079346, 0, 0.040508423000574, 0, 0, 1, },
		{ 0.99992936849594, 0, 0.011881100013852, 0, 0, 1, 0, 0, -0.011881100013852, 0, 0.99992936849594, 0, 0.063586421310902, 0, 0, 1, },
		{ 0.99985206127167, 0, 0.017200300469995, 0, 0, 1, 0, 0, -0.017200300469995, 0, 0.99985206127167, 0, 0.086183473467827, 0, 0, 1, },
		{ 0.99973791837692, 0, 0.022893514484167, 0, 0, 1, 0, 0, -0.022893514484167, 0, 0.99973791837692, 0, 0.10581481456757, 0, 0, 1, },
		{ 0.99957704544067, 0, 0.029079787433147, 0, 0, 1, 0, 0, -0.029079787433147, 0, 0.99957704544067, 0, 0.12270202487707, 0, 0, 1, },
		{ 0.99935299158096, 0, 0.035967197269201, 0, 0, 1, 0, 0, -0.035967197269201, 0, 0.99935299158096, 0, 0.13774108886719, 0, 0, 1, },
		{ 0.99904191493988, 0, 0.043763462454081, 0, 0, 1, 0, 0, -0.043763462454081, 0, 0.99904191493988, 0, 0.1518310457468, 0, 0, 1, },
		{ 0.99861162900925, 0, 0.052675686776638, 0, 0, 1, 0, 0, -0.052675686776638, 0, 0.99861162900925, 0, 0.1658648699522, 0, 0, 1, },
		{ 0.99802678823471, 0, 0.062788791954517, 0, 0, 1, 0, 0, -0.062788791954517, 0, 0.99802678823471, 0, 0.18052184581757, 0, 0, 1, },
		{ 0.9972802400589, 0, 0.073702298104763, 0, 0, 1, 0, 0, -0.073702298104763, 0, 0.9972802400589, 0, 0.19558960199356, 0, 0, 1, },
		{ 0.9963898062706, 0, 0.084895148873329, 0, 0, 1, 0, 0, -0.084895148873329, 0, 0.9963898062706, 0, 0.21063780784607, 0, 0, 1, },
		{ 0.99539595842361, 0, 0.095847815275192, 0, 0, 1, 0, 0, -0.095847815275192, 0, 0.99539595842361, 0, 0.22523437440395, 0, 0, 1, },
		{ 0.99436157941818, 0, 0.10604269057512, 0, 0, 1, 0, 0, -0.10604269057512, 0, 0.99436157941818, 0, 0.2389489710331, 0, 0, 1, },
		{ 0.99336475133896, 0, 0.1150064021349, 0, 0, 1, 0, 0, -0.1150064021349, 0, 0.99336475133896, 0, 0.25041443109512, 0, 0, 1, },
		{ 0.99247658252716, 0, 0.12243450433016, 0, 0, 1, 0, 0, -0.12243450433016, 0, 0.99247658252716, 0, 0.26187926530838, 0, 0, 1, },
		{ 0.99176579713821, 0, 0.1280650049448, 0, 0, 1, 0, 0, -0.1280650049448, 0, 0.99176579713821, 0, 0.26861754059792, 0, 0, 1, },
		{ 0.99129807949066, 0, 0.13163596391678, 0, 0, 1, 0, 0, -0.13163596391678, 0, 0.99129807949066, 0, 0.275355219841, 0, 0, 1, },
		{ 0.99113148450851, 0, 0.13288487493992, 0, 0, 1, 0, 0, -0.13288487493992, 0, 0.99113148450851, 0, 0.27408140897751, 0, 0, 1, },
		{ 0.99116677045822, 0, 0.13262133300304, 0, 0, 1, 0, 0, -0.13262133300304, 0, 0.99116677045822, 0, 0.27280700206757, 0, 0, 1, },
		{ 0.99125069379807, 0, 0.13199277222157, 0, 0, 1, 0, 0, -0.13199277222157, 0, 0.99125069379807, 0, 0.27153319120407, 0, 0, 1, },
		{ 0.99135023355484, 0, 0.13124246895313, 0, 0, 1, 0, 0, -0.13124246895313, 0, 0.99135023355484, 0, 0.27025938034058, 0, 0, 1, },
		{ 0.99143332242966, 0, 0.13061381876469, 0, 0, 1, 0, 0, -0.13061381876469, 0, 0.99143332242966, 0, 0.2689855992794, 0, 0, 1, },
		{ 0.99146795272827, 0, 0.13035018742085, 0, 0, 1, 0, 0, -0.13035018742085, 0, 0.99146795272827, 0, 0.26771178841591, 0, 0, 1, },
		{ 0.99143254756927, 0, 0.13061921298504, 0, 0, 1, 0, 0, -0.13061921298504, 0, 0.99143254756927, 0, 0.26643738150597, 0, 0, 1, },
		{ 0.99134790897369, 0, 0.13126066327095, 0, 0, 1, 0, 0, -0.13126066327095, 0, 0.99134790897369, 0, 0.26516357064247, 0, 0, 1, },
		{ 0.99124622344971, 0, 0.13202625513077, 0, 0, 1, 0, 0, -0.13202625513077, 0, 0.99124622344971, 0, 0.26388975977898, 0, 0, 1, },
		{ 0.99116051197052, 0, 0.1326676607132, 0, 0, 1, 0, 0, -0.1326676607132, 0, 0.99116051197052, 0, 0.26261535286903, 0, 0, 1, },
		{ 0.99112457036972, 0, 0.13293658196926, 0, 0, 1, 0, 0, -0.13293658196926, 0, 0.99112457036972, 0, 0.26134154200554, 0, 0, 1, },
		{ 0.9914647936821, 0, 0.13037453591824, 0, 0, 1, 0, 0, -0.13037453591824, 0, 0.9914647936821, 0, 0.26006773114204, 0, 0, 1, },
		{ 0.99231654405594, 0, 0.12372508645058, 0, 0, 1, 0, 0, -0.12372508645058, 0, 0.99231654405594, 0, 0.25288817286491, 0, 0, 1, },
		{ 0.99341833591461, 0, 0.1145428493619, 0, 0, 1, 0, 0, -0.1145428493619, 0, 0.99341833591461, 0, 0.24570861458778, 0, 0, 1, },
		{ 0.99453681707382, 0, 0.10438664257526, 0, 0, 1, 0, 0, -0.10438664257526, 0, 0.99453681707382, 0, 0.237060546875, 0, 0, 1, },
		{ 0.99549424648285, 0, 0.094822213053703, 0, 0, 1, 0, 0, -0.094822213053703, 0, 0.99549424648285, 0, 0.22841246426105, 0, 0, 1, },
		{ 0.9962050318718, 0, 0.08703751116991, 0, 0, 1, 0, 0, -0.08703751116991, 0, 0.9962050318718, 0, 0.21916198730469, 0, 0, 1, },
		{ 0.99673938751221, 0, 0.080687612295151, 0, 0, 1, 0, 0, -0.080687612295151, 0, 0.99673938751221, 0, 0.20991210639477, 0, 0, 1, },
		{ 0.9971804022789, 0, 0.075041808187962, 0, 0, 1, 0, 0, -0.075041808187962, 0, 0.9971804022789, 0, 0.1991363465786, 0, 0, 1, },
		{ 0.99759119749069, 0, 0.069367565214634, 0, 0, 1, 0, 0, -0.069367565214634, 0, 0.99759119749069, 0, 0.18836058676243, 0, 0, 1, },
		{ 0.99801784753799, 0, 0.062931105494499, 0, 0, 1, 0, 0, -0.062931105494499, 0, 0.99801784753799, 0, 0.17558410763741, 0, 0, 1, },
		{ 0.99847465753555, 0, 0.055211409926414, 0, 0, 1, 0, 0, -0.055211409926414, 0, 0.99847465753555, 0, 0.16115722060204, 0, 0, 1, },
		{ 0.99891626834869, 0, 0.046543262898922, 0, 0, 1, 0, 0, -0.046543262898922, 0, 0.99891626834869, 0, 0.14543944597244, 0, 0, 1, },
		{ 0.99929749965668, 0, 0.03747645765543, 0, 0, 1, 0, 0, -0.03747645765543, 0, 0.99929749965668, 0, 0.12893126904964, 0, 0, 1, },
		{ 0.99959194660187, 0, 0.028561847284436, 0, 0, 1, 0, 0, -0.028561847284436, 0, 0.99959194660187, 0, 0.11213195323944, 0, 0, 1, },
		{ 0.99979287385941, 0, 0.02035091817379, 0, 0, 1, 0, 0, -0.02035091817379, 0, 0.99979287385941, 0, 0.09554199129343, 0, 0, 1, },
		{ 0.99991124868393, 0, 0.013322148472071, 0, 0, 1, 0, 0, -0.013322148472071, 0, 0.99991124868393, 0, 0.079520262777805, 0, 0, 1, },
		{ 0.99997061491013, 0, 0.007660950999707, 0, 0, 1, 0, 0, -0.007660950999707, 0, 0.99997061491013, 0, 0.063862301409245, 0, 0, 1, },
		{ 0.99999392032623, 0, 0.0034791573416442, 0, 0, 1, 0, 0, -0.0034791573416442, 0, 0.99999392032623, 0, 0.048223875463009, 0, 0, 1, },
		{ 0.99999958276749, 0, 0.00088835705537349, 0, 0, 1, 0, 0, -0.00088835705537349, 0, 0.99999958276749, 0, 0.032256469130516, 0, 0, 1, },
		{ 1, 0, 0, 0, 0, 1, 0, 0, 0, 0, 1, 0, 0.015617675147951, 0, 0, 1, },
		{ 1, 0, 0, 0, 0, 1, 0, 0, 0, 0, 1, 0, -0.0018798827659339, 0, 0, 1, },
		{ 1, 0, 0, 0, 0, 1, 0, 0, 0, 0, 1, 0, -0.019791258499026, 0, 0, 1, },
		{ 1, 0, 0, 0, 0, 1, 0, 0, 0, 0, 1, 0, -0.037510983645916, 0, 0, 1, },
		{ 1, 0, 0, 0, 0, 1, 0, 0, 0, 0, 1, 0, -0.054433591663837, 0, 0, 1, },
		{ 1, 0, 0, 0, 0, 1, 0, 0, 0, 0, 1, 0, -0.069955445826054, 0, 0, 1, },
		{ 0.99999785423279, 0, 0.0020838680211455, 0, 0, 1, 0, 0, -0.0020838680211455, 0, 0.99999785423279, 0, -0.083664551377296, 0, 0, 1, },
		{ 0.99997121095657, 0, 0.0075844479724765, 0, 0, 1, 0, 0, -0.0075844479724765, 0, 0.99997121095657, 0, -0.095473632216454, 0, 0, 1, },
		{ 0.99988180398941, 0, 0.015374898910522, 0, 0, 1, 0, 0, -0.015374898910522, 0, 0.99988180398941, 0, -0.10728271305561, 0, 0, 1, },
		{ 0.99970400333405, 0, 0.024327985942364, 0, 0, 1, 0, 0, -0.024327985942364, 0, 0.99970400333405, 0, -0.11840637028217, 0, 0, 1, },
		{ 0.99944484233856, 0, 0.033316541463137, 0, 0, 1, 0, 0, -0.033316541463137, 0, 0.99944484233856, 0, -0.12953063845634, 0, 0, 1, },
		{ 0.99914211034775, 0, 0.041411127895117, 0, 0, 1, 0, 0, -0.041411127895117, 0, 0.99914211034775, 0, -0.14153502881527, 0, 0, 1, },
		{ 0.99882453680038, 0, 0.04847053065896, 0, 0, 1, 0, 0, -0.04847053065896, 0, 0.99882453680038, 0, -0.1535400301218, 0, 0, 1, },
		{ 0.99851095676422, 0, 0.054550502449274, 0, 0, 1, 0, 0, -0.054550502449274, 0, 0.99851095676422, 0, -0.16538023948669, 0, 0, 1, },
		{ 0.99821591377258, 0, 0.059706956148148, 0, 0, 1, 0, 0, -0.059706956148148, 0, 0.99821591377258, 0, -0.17722044885159, 0, 0, 1, },
		{ 0.99795013666153, 0, 0.063995681703091, 0, 0, 1, 0, 0, -0.063995681703091, 0, 0.99795013666153, 0, -0.18723693490028, 0, 0, 1, },
		{ 0.99771851301193, 0, 0.067510068416595, 0, 0, 1, 0, 0, -0.067510068416595, 0, 0.99771851301193, 0, -0.19725401699543, 0, 0, 1, },
		{ 0.99751222133636, 0, 0.070493802428246, 0, 0, 1, 0, 0, -0.070493802428246, 0, 0.99751222133636, 0, -0.20467895269394, 0, 0, 1, },
		{ 0.99731516838074, 0, 0.07322795689106, 0, 0, 1, 0, 0, -0.07322795689106, 0, 0.99731516838074, 0, -0.21210387349129, 0, 0, 1, },
		{ 0.99710834026337, 0, 0.075993396341801, 0, 0, 1, 0, 0, -0.075993396341801, 0, 0.99710834026337, 0, -0.21648070216179, 0, 0, 1, },
		{ 0.99686896800995, 0, 0.079070709645748, 0, 0, 1, 0, 0, -0.079070709645748, 0, 0.99686896800995, 0, -0.22085815668106, 0, 0, 1, },
		{ 0.99658191204071, 0, 0.082609564065933, 0, 0, 1, 0, 0, -0.082609564065933, 0, 0.99658191204071, 0, -0.22523498535156, 0, 0, 1, },
		{ 0.99627459049225, 0, 0.086237035691738, 0, 0, 1, 0, 0, -0.086237035691738, 0, 0.99627459049225, 0, -0.22406798601151, 0, 0, 1, },
		{ 0.99599128961563, 0, 0.089450061321259, 0, 0, 1, 0, 0, -0.089450061321259, 0, 0.99599128961563, 0, -0.22290161252022, 0, 0, 1, },
		{ 0.99578237533569, 0, 0.091746225953102, 0, 0, 1, 0, 0, -0.091746225953102, 0, 0.99578237533569, 0, -0.22173522412777, 0, 0, 1, },
		{ 0.99570125341415, 0, 0.092623211443424, 0, 0, 1, 0, 0, -0.092623211443424, 0, 0.99570125341415, 0, -0.22056823968887, 0, 0, 1, },
		{ 0.99578964710236, 0, 0.091667927801609, 0, 0, 1, 0, 0, -0.091667927801609, 0, 0.99578964710236, 0, -0.21940124034882, 0, 0, 1, },
		{ 0.99601328372955, 0, 0.08920493721962, 0, 0, 1, 0, 0, -0.08920493721962, 0, 0.99601328372955, 0, -0.21823485195637, 0, 0, 1, },
		{ 0.99630904197693, 0, 0.085838429629803, 0, 0, 1, 0, 0, -0.085838429629803, 0, 0.99630904197693, 0, -0.21706847846508, 0, 0, 1, },
		{ 0.99661809206009, 0, 0.082172982394695, 0, 0, 1, 0, 0, -0.082172982394695, 0, 0.99661809206009, 0, -0.21590147912502, 0, 0, 1, },
		{ 0.99688935279846, 0, 0.078813925385475, 0, 0, 1, 0, 0, -0.078813925385475, 0, 0.99688935279846, 0, -0.21473449468613, 0, 0, 1, },
		{ 0.99709331989288, 0, 0.076189555227757, 0, 0, 1, 0, 0, -0.076189555227757, 0, 0.99709331989288, 0, -0.21356810629368, 0, 0, 1, },
		{ 0.99725693464279, 0, 0.074017636477947, 0, 0, 1, 0, 0, -0.074017636477947, 0, 0.99725693464279, 0, -0.21240173280239, 0, 0, 1, },
		{ 0.99741631746292, 0, 0.071838043630123, 0, 0, 1, 0, 0, -0.071838043630123, 0, 0.99741631746292, 0, -0.21123473346233, 0, 0, 1, },
		{ 0.99760347604752, 0, 0.069190226495266, 0, 0, 1, 0, 0, -0.069190226495266, 0, 0.99760347604752, 0, -0.20240417122841, 0, 0, 1, },
		{ 0.99784505367279, 0, 0.065613336861134, 0, 0, 1, 0, 0, -0.065613336861134, 0, 0.99784505367279, 0, -0.19357360899448, 0, 0, 1, },
		{ 0.99815267324448, 0, 0.060754310339689, 0, 0, 1, 0, 0, -0.060754310339689, 0, 0.99815267324448, 0, -0.18273986876011, 0, 0, 1, },
		{ 0.99850314855576, 0, 0.054692842066288, 0, 0, 1, 0, 0, -0.054692842066288, 0, 0.99850314855576, 0, -0.17190673947334, 0, 0, 1, },
		{ 0.99886560440063, 0, 0.047617066651583, 0, 0, 1, 0, 0, -0.047617066651583, 0, 0.99886560440063, 0, -0.16011656820774, 0, 0, 1, },
		{ 0.99921095371246, 0, 0.039715506136417, 0, 0, 1, 0, 0, -0.039715506136417, 0, 0.99921095371246, 0, -0.14832580089569, 0, 0, 1, },
		{ 0.99951380491257, 0, 0.031177083030343, 0, 0, 1, 0, 0, -0.031177083030343, 0, 0.99951380491257, 0, -0.13658508658409, 0, 0, 1, },
		{ 0.99975115060806, 0, 0.022306602448225, 0, 0, 1, 0, 0, -0.022306602448225, 0, 0.99975115060806, 0, -0.12484435737133, 0, 0, 1, },
		{ 0.99990379810333, 0, 0.013871002011001, 0, 0, 1, 0, 0, -0.013871002011001, 0, 0.99990379810333, 0, -0.11292846500874, 0, 0, 1, },
		{ 0.99997717142105, 0, 0.0067530148662627, 0, 0, 1, 0, 0, -0.0067530148662627, 0, 0.99997717142105, 0, -0.10014525800943, 0, 0, 1, },
		{ 0.99999833106995, 0, 0.0018352604238316, 0, 0, 1, 0, 0, -0.0018352604238316, 0, 0.99999833106995, 0, -0.085896603763103, 0, 0, 1, },
		{ 1, 0, 0, 0, 0, 1, 0, 0, 0, 0, 1, 0, -0.069582514464855, 0, 0, 1, },
		{ 1, 0, 0, 0, 0, 1, 0, 0, 0, 0, 1, 0, -0.051116332411766, 0, 0, 1, },
		{ 1, 0, 0, 0, 0, 1, 0, 0, 0, 0, 1, 0, -0.032456662505865, 0, 0, 1, },
		{ 1, 0, 0, 0, 0, 1, 0, 0, 0, 0, 1, 0, -0.016070555895567, 0, 0, 1, },
		{ 1, 0, 0, 0, 0, 1, 0, 0, 0, 0, 1, 0, 0, 0, 0, 1, },
	},
}
end
