function data()
return {
	times = { 0, 41.667, 83.333, 125, 166.667, 208.333, 250, 291.667, 333.333, 375, 416.667, 458.333, 500, 541.667, 583.333, 625, 666.667, 708.333, 750, 791.667, 833.333, 916.667, 958.333, 1000, 1041.667, 1083.333, 1125, 1166.667, 1208.333, 1250, 1291.667, 1333.333, 1375, 1416.667, 1458.333, 1500, 1541.667, 1583.333, 1625, 1666.667, 1708.333, 1750, 1791.667, 1833.333, 1875, 1916.667, 1958.333, 2000, 2041.667, 2083.333, 2125, 2166.667, 2208.333, 2250, 2291.667, 2333.333, 2375, 2416.667, 2458.333, 2500, 2541.667, 2583.333, 2625, 2666.667, 2708.333, 2750, 2791.667, 2833.333, 2875, 2916.667, 2958.333, 3000, 3041.667, 3083.333, 3125, 3166.667, 3208.333, 3250, 3291.667, 3333.333, 3375, 3416.667, 3458.333, 3500, 3541.667, 3583.333, 3625, 3666.667, 3708.333, 3750, 3791.667, 3833.333, 3875, 3916.667, 3958.333, 4000, 4041.667, 4083.333, 4125, 4166.667, },
	transfs = {
		{ 1, 0, 0, 0, 0, 1, 0, 0, 0, 0, 1, 0, 0, 0, 0, 1, },
		{ 0.99997997283936, 0, 0.0063328063115478, 0, 0, 1, 0, 0, -0.0063328063115478, 0, 0.99997997283936, 0, 0, 0, 0, 1, },
		{ 0.99973809719086, 0, 0.022886503487825, 0, 0, 1, 0, 0, -0.022886503487825, 0, 0.99973809719086, 0, 0, 0, 0, 1, },
		{ 0.99894207715988, 0, 0.045986372977495, 0, 0, 1, 0, 0, -0.045986372977495, 0, 0.99894207715988, 0, 0, 0, 0, 1, },
		{ 0.99740827083588, 0, 0.07194859534502, 0, 0, 1, 0, 0, -0.07194859534502, 0, 0.99740827083588, 0, 0, 0, 0, 1, },
		{ 0.99527508020401, 0, 0.097095556557178, 0, 0, 1, 0, 0, -0.097095556557178, 0, 0.99527508020401, 0, 0, 0, 0, 1, },
		{ 0.9929461479187, 0, 0.11856572329998, 0, 0, 1, 0, 0, -0.11856572329998, 0, 0.9929461479187, 0, 0, 0, 0, 1, },
		{ 0.99061626195908, 0, 0.13667286932468, 0, 0, 1, 0, 0, -0.13667286932468, 0, 0.99061626195908, 0, 0, 0, 0, 1, },
		{ 0.98830097913742, 0, 0.15251623094082, 0, 0, 1, 0, 0, -0.15251623094082, 0, 0.98830097913742, 0, 0, 0, 0, 1, },
		{ 0.98592525720596, 0, 0.16718655824661, 0, 0, 1, 0, 0, -0.16718655824661, 0, 0.98592525720596, 0, 0, 0, 0, 1, },
		{ 0.98334187269211, 0, 0.18176551163197, 0, 0, 1, 0, 0, -0.18176551163197, 0, 0.98334187269211, 0, 0, 0, 0, 1, },
		{ 0.98038995265961, 0, 0.19706690311432, 0, 0, 1, 0, 0, -0.19706690311432, 0, 0.98038995265961, 0, 0, 0, 0, 1, },
		{ 0.97708058357239, 0, 0.21286949515343, 0, 0, 1, 0, 0, -0.21286949515343, 0, 0.97708058357239, 0, 0, 0, 0, 1, },
		{ 0.97349715232849, 0, 0.22869879007339, 0, 0, 1, 0, 0, -0.22869879007339, 0, 0.97349715232849, 0, 0, 0, 0, 1, },
		{ 0.9697533249855, 0, 0.24408669769764, 0, 0, 1, 0, 0, -0.24408669769764, 0, 0.9697533249855, 0, 0, 0, 0, 1, },
		{ 0.96599179506302, 0, 0.25857251882553, 0, 0, 1, 0, 0, -0.25857251882553, 0, 0.96599179506302, 0, 0, 0, 0, 1, },
		{ 0.96238702535629, 0, 0.27168196439743, 0, 0, 1, 0, 0, -0.27168196439743, 0, 0.96238702535629, 0, 0, 0, 0, 1, },
		{ 0.95916026830673, 0, 0.28286311030388, 0, 0, 1, 0, 0, -0.28286311030388, 0, 0.95916026830673, 0, 0, 0, 0, 1, },
		{ 0.95655572414398, 0, 0.29154935479164, 0, 0, 1, 0, 0, -0.29154935479164, 0, 0.95655572414398, 0, 0, 0, 0, 1, },
		{ 0.95482236146927, 0, 0.29717719554901, 0, 0, 1, 0, 0, -0.29717719554901, 0, 0.95482236146927, 0, 0, 0, 0, 1, },
		{ 0.95419651269913, 0, 0.2991803586483, 0, 0, 1, 0, 0, -0.2991803586483, 0, 0.95419651269913, 0, 0, 0, 0, 1, },
		{ 0.95444053411484, 0, 0.2984012067318, 0, 0, 1, 0, 0, -0.2984012067318, 0, 0.95444053411484, 0, 0, 0, 0, 1, },
		{ 0.95468413829803, 0, 0.29762068390846, 0, 0, 1, 0, 0, -0.29762068390846, 0, 0.95468413829803, 0, 0, 0, 0, 1, },
		{ 0.95495468378067, 0, 0.29675149917603, 0, 0, 1, 0, 0, -0.29675149917603, 0, 0.95495468378067, 0, 0, 0, 0, 1, },
		{ 0.95521181821823, 0, 0.29592278599739, 0, 0, 1, 0, 0, -0.29592278599739, 0, 0.95521181821823, 0, 0, 0, 0, 1, },
		{ 0.95544105768204, 0, 0.2951819896698, 0, 0, 1, 0, 0, -0.2951819896698, 0, 0.95544105768204, 0, 0, 0, 0, 1, },
		{ 0.95572835206985, 0, 0.29425048828125, 0, 0, 1, 0, 0, -0.29425048828125, 0, 0.95572835206985, 0, 0, 0, 0, 1, },
		{ 0.95618367195129, 0, 0.29276746511459, 0, 0, 1, 0, 0, -0.29276746511459, 0, 0.95618367195129, 0, 0, 0, 0, 1, },
		{ 0.95691418647766, 0, 0.29037088155746, 0, 0, 1, 0, 0, -0.29037088155746, 0, 0.95691418647766, 0, 0, 0, 0, 1, },
		{ 0.9580209851265, 0, 0.28669786453247, 0, 0, 1, 0, 0, -0.28669786453247, 0, 0.9580209851265, 0, 0, 0, 0, 1, },
		{ 0.95956343412399, 0, 0.28149256110191, 0, 0, 1, 0, 0, -0.28149256110191, 0, 0.95956343412399, 0, 0, 0, 0, 1, },
		{ 0.96146100759506, 0, 0.27494132518768, 0, 0, 1, 0, 0, -0.27494132518768, 0, 0.96146100759506, 0, 0, 0, 0, 1, },
		{ 0.96360194683075, 0, 0.26734107732773, 0, 0, 1, 0, 0, -0.26734107732773, 0, 0.96360194683075, 0, 0, 0, 0, 1, },
		{ 0.96587955951691, 0, 0.25899147987366, 0, 0, 1, 0, 0, -0.25899147987366, 0, 0.96587955951691, 0, 0, 0, 0, 1, },
		{ 0.96819561719894, 0, 0.25019437074661, 0, 0, 1, 0, 0, -0.25019437074661, 0, 0.96819561719894, 0, 0, 0, 0, 1, },
		{ 0.97048997879028, 0, 0.24114130437374, 0, 0, 1, 0, 0, -0.24114130437374, 0, 0.97048997879028, 0, 0, 0, 0, 1, },
		{ 0.97281754016876, 0, 0.23157289624214, 0, 0, 1, 0, 0, -0.23157289624214, 0, 0.97281754016876, 0, 0, 0, 0, 1, },
		{ 0.97524803876877, 0, 0.22111339867115, 0, 0, 1, 0, 0, -0.22111339867115, 0, 0.97524803876877, 0, 0, 0, 0, 1, },
		{ 0.97783356904984, 0, 0.20938369631767, 0, 0, 1, 0, 0, -0.20938369631767, 0, 0.97783356904984, 0, 0, 0, 0, 1, },
		{ 0.98060369491577, 0, 0.19600065052509, 0, 0, 1, 0, 0, -0.19600065052509, 0, 0.98060369491577, 0, 0, 0, 0, 1, },
		{ 0.98353290557861, 0, 0.18072924017906, 0, 0, 1, 0, 0, -0.18072924017906, 0, 0.98353290557861, 0, 0, 0, 0, 1, },
		{ 0.98646944761276, 0, 0.16394518315792, 0, 0, 1, 0, 0, -0.16394518315792, 0, 0.98646944761276, 0, 0, 0, 0, 1, },
		{ 0.98925757408142, 0, 0.14618289470673, 0, 0, 1, 0, 0, -0.14618289470673, 0, 0.98925757408142, 0, 0, 0, 0, 1, },
		{ 0.99177610874176, 0, 0.1279843300581, 0, 0, 1, 0, 0, -0.1279843300581, 0, 0.99177610874176, 0, 0, 0, 0, 1, },
		{ 0.99394285678864, 0, 0.10989805310965, 0, 0, 1, 0, 0, -0.10989805310965, 0, 0.99394285678864, 0, 0, 0, 0, 1, },
		{ 0.9957287311554, 0, 0.092327207326889, 0, 0, 1, 0, 0, -0.092327207326889, 0, 0.9957287311554, 0, 0, 0, 0, 1, },
		{ 0.99717789888382, 0, 0.075075097382069, 0, 0, 1, 0, 0, -0.075075097382069, 0, 0.99717789888382, 0, 0, 0, 0, 1, },
		{ 0.99832862615585, 0, 0.057792633771896, 0, 0, 1, 0, 0, -0.057792633771896, 0, 0.99832862615585, 0, 0, 0, 0, 1, },
		{ 0.99919450283051, 0, 0.040128733962774, 0, 0, 1, 0, 0, -0.040128733962774, 0, 0.99919450283051, 0, 0, 0, 0, 1, },
		{ 0.99976378679276, 0, 0.02173163741827, 0, 0, 1, 0, 0, -0.02173163741827, 0, 0.99976378679276, 0, 0, 0, 0, 1, },
		{ 0.99999707937241, 0, 0.0024242422077805, 0, 0, 1, 0, 0, -0.0024242422077805, 0, 0.99999707937241, 0, 0, 0, 0, 1, },
		{ 0.99985074996948, 0, -0.01727145165205, 0, 0, 1, 0, 0, 0.01727145165205, 0, 0.99985074996948, 0, 0, 0, 0, 1, },
		{ 0.99932783842087, 0, -0.036658179014921, 0, 0, 1, 0, 0, 0.036658179014921, 0, 0.99932783842087, 0, 0, 0, 0, 1, },
		{ 0.99848413467407, 0, -0.055040318518877, 0, 0, 1, 0, 0, 0.055040318518877, 0, 0.99848413467407, 0, 0, 0, 0, 1, },
		{ 0.99742430448532, 0, -0.071726009249687, 0, 0, 1, 0, 0, 0.071726009249687, 0, 0.99742430448532, 0, 0, 0, 0, 1, },
		{ 0.99627214670181, 0, -0.086265079677105, 0, 0, 1, 0, 0, 0.086265079677105, 0, 0.99627214670181, 0, 0, 0, 0, 1, },
		{ 0.99507188796997, 0, -0.099156334996223, 0, 0, 1, 0, 0, 0.099156334996223, 0, 0.99507188796997, 0, 0, 0, 0, 1, },
		{ 0.99380546808243, 0, -0.11113329231739, 0, 0, 1, 0, 0, 0.11113329231739, 0, 0.99380546808243, 0, 0, 0, 0, 1, },
		{ 0.99241572618484, 0, -0.12292658537626, 0, 0, 1, 0, 0, 0.12292658537626, 0, 0.99241572618484, 0, 0, 0, 0, 1, },
		{ 0.99080967903137, 0, -0.13526299595833, 0, 0, 1, 0, 0, 0.13526299595833, 0, 0.99080967903137, 0, 0, 0, 0, 1, },
		{ 0.98889291286469, 0, -0.14862957596779, 0, 0, 1, 0, 0, 0.14862957596779, 0, 0.98889291286469, 0, 0, 0, 0, 1, },
		{ 0.986696600914, 0, -0.16257217526436, 0, 0, 1, 0, 0, 0.16257217526436, 0, 0.986696600914, 0, 0, 0, 0, 1, },
		{ 0.98431742191315, 0, -0.17640620470047, 0, 0, 1, 0, 0, 0.17640620470047, 0, 0.98431742191315, 0, 0, 0, 0, 1, },
		{ 0.9818896651268, 0, -0.18945322930813, 0, 0, 1, 0, 0, 0.18945322930813, 0, 0.9818896651268, 0, 0, 0, 0, 1, },
		{ 0.97958266735077, 0, -0.20104171335697, 0, 0, 1, 0, 0, 0.20104171335697, 0, 0.97958266735077, 0, 0, 0, 0, 1, },
		{ 0.97755509614944, 0, -0.21067962050438, 0, 0, 1, 0, 0, 0.21067962050438, 0, 0.97755509614944, 0, 0, 0, 0, 1, },
		{ 0.97582203149796, 0, -0.21856659650803, 0, 0, 1, 0, 0, 0.21856659650803, 0, 0.97582203149796, 0, 0, 0, 0, 1, },
		{ 0.97434204816818, 0, -0.22507207095623, 0, 0, 1, 0, 0, 0.22507207095623, 0, 0.97434204816818, 0, 0, 0, 0, 1, },
		{ 0.97305762767792, 0, -0.23056189715862, 0, 0, 1, 0, 0, 0.23056189715862, 0, 0.97305762767792, 0, 0, 0, 0, 1, },
		{ 0.97189861536026, 0, -0.23539960384369, 0, 0, 1, 0, 0, 0.23539960384369, 0, 0.97189861536026, 0, 0, 0, 0, 1, },
		{ 0.97081136703491, 0, -0.23984417319298, 0, 0, 1, 0, 0, 0.23984417319298, 0, 0.97081136703491, 0, 0, 0, 0, 1, },
		{ 0.96983975172043, 0, -0.24374322593212, 0, 0, 1, 0, 0, 0.24374322593212, 0, 0.96983975172043, 0, 0, 0, 0, 1, },
		{ 0.96905565261841, 0, -0.2468424141407, 0, 0, 1, 0, 0, 0.2468424141407, 0, 0.96905565261841, 0, 0, 0, 0, 1, },
		{ 0.96853214502335, 0, -0.24888826906681, 0, 0, 1, 0, 0, 0.24888826906681, 0, 0.96853214502335, 0, 0, 0, 0, 1, },
		{ 0.96834206581116, 0, -0.24962674081326, 0, 0, 1, 0, 0, 0.24962674081326, 0, 0.96834206581116, 0, 0, 0, 0, 1, },
		{ 0.96839898824692, 0, -0.24940612912178, 0, 0, 1, 0, 0, 0.24940612912178, 0, 0.96839898824692, 0, 0, 0, 0, 1, },
		{ 0.96859848499298, 0, -0.24863025546074, 0, 0, 1, 0, 0, 0.24863025546074, 0, 0.96859848499298, 0, 0, 0, 0, 1, },
		{ 0.96898281574249, 0, -0.24712800979614, 0, 0, 1, 0, 0, 0.24712800979614, 0, 0.96898281574249, 0, 0, 0, 0, 1, },
		{ 0.96959185600281, 0, -0.24472768604755, 0, 0, 1, 0, 0, 0.24472768604755, 0, 0.96959185600281, 0, 0, 0, 0, 1, },
		{ 0.97046130895615, 0, -0.24125650525093, 0, 0, 1, 0, 0, 0.24125650525093, 0, 0.97046130895615, 0, 0, 0, 0, 1, },
		{ 0.97161436080933, 0, -0.23657034337521, 0, 0, 1, 0, 0, 0.23657034337521, 0, 0.97161436080933, 0, 0, 0, 0, 1, },
		{ 0.97303819656372, 0, -0.23064382374287, 0, 0, 1, 0, 0, 0.23064382374287, 0, 0.97303819656372, 0, 0, 0, 0, 1, },
		{ 0.97470843791962, 0, -0.2234803289175, 0, 0, 1, 0, 0, 0.2234803289175, 0, 0.97470843791962, 0, 0, 0, 0, 1, },
		{ 0.97659581899643, 0, -0.215082898736, 0, 0, 1, 0, 0, 0.215082898736, 0, 0.97659581899643, 0, 0, 0, 0, 1, },
		{ 0.9786668419838, 0, -0.20545376837254, 0, 0, 1, 0, 0, 0.20545376837254, 0, 0.9786668419838, 0, 0, 0, 0, 1, },
		{ 0.9808748960495, 0, -0.1946389824152, 0, 0, 1, 0, 0, 0.1946389824152, 0, 0.9808748960495, 0, 0, 0, 0, 1, },
		{ 0.983138859272, 0, -0.18286065757275, 0, 0, 1, 0, 0, 0.18286065757275, 0, 0.983138859272, 0, 0, 0, 0, 1, },
		{ 0.98537707328796, 0, -0.17038750648499, 0, 0, 1, 0, 0, 0.17038750648499, 0, 0.98537707328796, 0, 0, 0, 0, 1, },
		{ 0.9875203371048, 0, -0.15749116241932, 0, 0, 1, 0, 0, 0.15749116241932, 0, 0.9875203371048, 0, 0, 0, 0, 1, },
		{ 0.9895127415657, 0, -0.14444553852081, 0, 0, 1, 0, 0, 0.14444553852081, 0, 0.9895127415657, 0, 0, 0, 0, 1, },
		{ 0.99132925271988, 0, -0.13140153884888, 0, 0, 1, 0, 0, 0.13140153884888, 0, 0.99132925271988, 0, 0, 0, 0, 1, },
		{ 0.99301272630692, 0, -0.11800666153431, 0, 0, 1, 0, 0, 0.11800666153431, 0, 0.99301272630692, 0, 0, 0, 0, 1, },
		{ 0.99460023641586, 0, -0.10377988219261, 0, 0, 1, 0, 0, 0.10377988219261, 0, 0.99460023641586, 0, 0, 0, 0, 1, },
		{ 0.99609941244125, 0, -0.08823774009943, 0, 0, 1, 0, 0, 0.08823774009943, 0, 0.99609941244125, 0, 0, 0, 0, 1, },
		{ 0.99748373031616, 0, -0.070895045995712, 0, 0, 1, 0, 0, 0.070895045995712, 0, 0.99748373031616, 0, 0, 0, 0, 1, },
		{ 0.99866044521332, 0, -0.051743291318417, 0, 0, 1, 0, 0, 0.051743291318417, 0, 0.99866044521332, 0, 0, 0, 0, 1, },
		{ 0.99946558475494, 0, -0.032687775790691, 0, 0, 1, 0, 0, 0.032687775790691, 0, 0.99946558475494, 0, 0, 0, 0, 1, },
		{ 0.99987006187439, 0, -0.016118675470352, 0, 0, 1, 0, 0, 0.016118675470352, 0, 0.99987006187439, 0, 0, 0, 0, 1, },
		{ 0.99999022483826, 0, -0.0044270493090153, 0, 0, 1, 0, 0, 0.0044270493090153, 0, 0.99999022483826, 0, 0, 0, 0, 1, },
		{ 1, 0, 0, 0, 0, 1, 0, 0, 0, 0, 1, 0, 0, 0, 0, 1, },
	},
}
end
