function data()
return { 
		times = { 0, 41.667000000000001591615728102624416351318359375, 83.332999999999998408384271897375583648681640625, 125, 166.667000000000001591615728102624416351318359375, 208.332999999999998408384271897375583648681640625, 250, 291.66699999999997316990629769861698150634765625, 333.33300000000002683009370230138301849365234375, 375, 416.66699999999997316990629769861698150634765625, 458.33300000000002683009370230138301849365234375, 500, 541.6670000000000300133251585066318511962890625, 583.3329999999999699866748414933681488037109375, 625, 666.6670000000000300133251585066318511962890625, 708.3329999999999699866748414933681488037109375, 750, 791.6670000000000300133251585066318511962890625, 833.3329999999999699866748414933681488037109375, 875, 916.6670000000000300133251585066318511962890625, 958.3329999999999699866748414933681488037109375, 1000, 1041.66699999999991632648743689060211181640625, 1083.33300000000008367351256310939788818359375, 1125, 1166.66699999999991632648743689060211181640625, 1208.33300000000008367351256310939788818359375, 1250, 1291.66699999999991632648743689060211181640625, 1333.33300000000008367351256310939788818359375, 1375, 1416.66699999999991632648743689060211181640625, 1458.33300000000008367351256310939788818359375, 1500, 1541.66699999999991632648743689060211181640625, 1583.33300000000008367351256310939788818359375, 1625, 1666.66699999999991632648743689060211181640625, 1708.33300000000008367351256310939788818359375, 1750, 1791.66699999999991632648743689060211181640625, 1833.33300000000008367351256310939788818359375, 1875, 1916.66699999999991632648743689060211181640625, 1958.33300000000008367351256310939788818359375, 2000, 2041.66699999999991632648743689060211181640625, 2083.33300000000008367351256310939788818359375, 2125, 2166.66699999999991632648743689060211181640625, 2208.33300000000008367351256310939788818359375, 2250, 2291.66699999999991632648743689060211181640625, 2333.33300000000008367351256310939788818359375, 2375, 2416.66699999999991632648743689060211181640625, 2458.33300000000008367351256310939788818359375, 2500, 2541.66699999999991632648743689060211181640625, 2583.33300000000008367351256310939788818359375, 2625, 2666.66699999999991632648743689060211181640625, 2708.33300000000008367351256310939788818359375, 2750, 2791.66699999999991632648743689060211181640625, 2833.33300000000008367351256310939788818359375, 2875, 2916.66699999999991632648743689060211181640625, 2958.33300000000008367351256310939788818359375, 3000, 3041.66699999999991632648743689060211181640625, 3083.33300000000008367351256310939788818359375, 3125, 3166.66699999999991632648743689060211181640625, 3208.33300000000008367351256310939788818359375, 3250, 3291.66699999999991632648743689060211181640625, 3333.33300000000008367351256310939788818359375, 3375, 3416.66699999999991632648743689060211181640625, 3458.33300000000008367351256310939788818359375, 3500, 3541.66699999999991632648743689060211181640625, 3583.33300000000008367351256310939788818359375, 3625, 3666.66699999999991632648743689060211181640625, 3708.33300000000008367351256310939788818359375, 3750, 3791.66699999999991632648743689060211181640625, 3833.33300000000008367351256310939788818359375, 3875, 3916.66699999999991632648743689060211181640625, 3958.33300000000008367351256310939788818359375, 4000, 4041.66699999999991632648743689060211181640625, 4083.33300000000008367351256310939788818359375, 4125, 4166.6670000000003710738383233547210693359375, },
		transfs = {
			{ 1, 0, -0.0000000000000000014232592662703511436704095077798726265427831095, 0, 0, 1, 0, 0, -0.0000000000000000014232592662703511436704095077798726265427831095, 0, 1, 0, 0, 0, 0, 1, },
			{ 0.999999701976776123046875, -0.000000000001792954673618396554957143962383270263671875, 0.00074848043732345104217529296875, 0, 0.000000000001792621606711009007995016872882843017578125, 1, 0.000000000000445421477479612804017961025238037109375, 0, -0.00074848043732345104217529296875, -0.000000000000444089209850062616169452667236328125, 0.999999701976776123046875, 0, 0.0163104236125946044921875, 0, 0, 1, },
			{ 0.999996721744537353515625, -0.000000000006062983448629211125080473721027374267578125, 0.0025304653681814670562744140625, 0, 0.000000000006059208690345485592843033373355865478515625, 1, 0.000000000001511235581119763082824647426605224609375, 0, -0.0025304653681814670562744140625, -0.000000000001495914394959718674016357908840291202068328857421875, 0.999996721744537353515625, 0, 0.0326550267636775970458984375, 0, 0, 1, },
			{ 0.999985754489898681640625, -0.000000000012788159420296096868696622550487518310546875, 0.0053354525007307529449462890625, 0, 0.000000000012771227651808825243051614961586892604827880859375, 1, 0.00000000000320454752143761734117788364528678357601165771484375, 0, -0.0053354525007307529449462890625, -0.00000000000313615778312070769828778793453238904476165771484375, 0.999985754489898681640625, 0, 0.0489685051143169403076171875, 0, 0, 1, },
			{ 0.9999582767486572265625, -0.0000000000219098073017676142626442015171051025390625, 0.009136877954006195068359375, 0, 0.000000000021860235843718101023114286363124847412109375, 1, 0.0000000000055291327072382046026177704334259033203125, 0, -0.009136877954006195068359375, -0.0000000000053292925628056764253415167331695556640625, 0.9999582767486572265625, 0, 0.0651843249797821044921875, 0, 0, 1, },
			{ 0.999903500080108642578125, -0.00000000003333122666759891217225231230258941650390625, 0.013891679234802722930908203125, 0, 0.000000000033216540629155133501626551151275634765625, 1, 0.0000000000084856566218149964697659015655517578125, 0, -0.013891679234802722930908203125, -0.000000000008023359754361081286333501338958740234375, 0.999903500080108642578125, 0, 0.08123473823070526123046875, 0, 0, 1, },
			{ 0.9998090267181396484375, -0.0000000000469185766627244760229586972855031490325927734375, 0.01954089663922786712646484375, 0, 0.00000000004669165054593804597971029579639434814453125, 1, 0.000000000012068567499523563668617498478852212429046630859375, 0, -0.01954089663922786712646484375, -0.000000000011154188683804022730328142642974853515625, 0.9998090267181396484375, 0, 0.097050167620182037353515625, 0, 0, 1, },
			{ 0.999661743640899658203125, -0.0000000000624982288144337871926836669445037841796875, 0.026008777320384979248046875, 0, 0.00000000006209621705721701800939626991748809814453125, 1, 0.000000000016264767310758543317206203937530517578125, 0, -0.026008777320384979248046875, -0.00000000001464428404929218885399677674286067485809326171875, 0.999661743640899658203125, 0, 0.112561643123626708984375, 0, 0, 1, },
			{ 0.9994485378265380859375, -0.0000000000798625610087810855475254356861114501953125, 0.0332054197788238525390625, 0, 0.000000000079207189418450951734484988264739513397216796875, 1, 0.00000000002105160316900889228008963982574641704559326171875, 0, -0.0332054197788238525390625, -0.0000000000184099402389392707846127450466156005859375, 0.9994485378265380859375, 0, 0.1277020275592803955078125, 0, 0, 1, },
			{ 0.999158084392547607421875, -0.000000000098766772538283476023934781551361083984375, 0.0410257764160633087158203125, 0, 0.00000000009776623954849128494970500469207763671875, 1, 0.00000000002639421840811007058391624013893306255340576171875, 0, -0.0410257764160633087158203125, -0.0000000000223610019389752778806723654270172119140625, 0.999158084392547607421875, 0, 0.14240355789661407470703125, 0, 0, 1, },
			{ 0.99878132343292236328125, -0.000000000118936915871614701245562173426151275634765625, 0.0493532679975032806396484375, 0, 0.00000000011748872708050583923977683298289775848388671875, 1, 0.000000000032244873438003196497447788715362548828125, 0, -0.0493532679975032806396484375, -0.0000000000264070987299191983765922486782073974609375, 0.99878132343292236328125, 0, 0.1566009521484375, 0, 0, 1, },
			{ 0.99831306934356689453125, -0.0000000001400708160570474092310178093612194061279296875, 0.058060385286808013916015625, 0, 0.000000000138066058585906148437061347067356109619140625, 1, 0.000000000038540282076837684144265949726104736328125, 0, -0.058060385286808013916015625, -0.0000000000304591907251960947178304195404052734375, 0.99831306934356689453125, 0, 0.17023010551929473876953125, 0, 0, 1, },
			{ 0.997752130031585693359375, -0.0000000001618438438821812042078818194568157196044921875, 0.06701137125492095947265625, 0, 0.00000000015917255014041842287042527459561824798583984375, 1, 0.000000000045202508403008323512040078639984130859375, 0, -0.06701137125492095947265625, -0.0000000000344342297731170532415490015409886837005615234375, 0.997752130031585693359375, 0, 0.1832275390625, 0, 0, 1, },
			{ 0.997102916240692138671875, -0.00000000018391414779994619266290101222693920135498046875, 0.076064549386501312255859375, 0, 0.00000000018047123517828111971539328806102275848388671875, 1, 0.0000000000521371834594219762948341667652130126953125, 0, -0.076064549386501312255859375, -0.000000000038258729517792744445614516735076904296875, 0.997102916240692138671875, 0, 0.195157468318939208984375, 0, 0, 1, },
			{ 0.996374607086181640625, -0.00000000020592726135415517774163163267076015472412109375, 0.085074245929718017578125, 0, 0.00000000020161881886249233275520964525640010833740234375, 1, 0.0000000000592350613004555270890705287456512451171875, 0, -0.085074245929718017578125, -0.0000000000418676204816392782959155738353729248046875, 0.996374607086181640625, 0, 0.20708800852298736572265625, 0, 0, 1, },
			{ 0.99558198451995849609375, -0.000000000227528829110923425105283968150615692138671875, 0.093896158039569854736328125, 0, 0.00000000022227840401622955823768279515206813812255859375, 1, 0.0000000000663755717056346838944591581821441650390625, 0, -0.093896158039569854736328125, -0.0000000000452111681426003997330553829669952392578125, 0.99558198451995849609375, 0, 0.21741087734699249267578125, 0, 0, 1, },
			{ 0.994744598865509033203125, -0.00000000024836321887988788148504681885242462158203125, 0.102386690676212310791015625, 0, 0.00000000024211777027716152588254772126674652099609375, 1, 0.000000000073426369151530224144153180532157421112060546875, 0, -0.102386690676212310791015625, -0.0000000000482509587840240783407352864742279052734375, 0.994744598865509033203125, 0, 0.22773315012454986572265625, 0, 0, 1, },
			{ 0.993886411190032958984375, -0.0000000002680843047553338465149863623082637786865234375, 0.110407240688800811767578125, 0, 0.0000000002608188942598843595988000743091106414794921875, 1, 0.00000000008024780839832601486705243587493896484375, 0, -0.110407240688800811767578125, -0.0000000000509610097176871335022951825521886348724365234375, 0.993886411190032958984375, 0, 0.2362518310546875, 0, 0, 1, },
			{ 0.993033945560455322265625, -0.0000000002863666803687436868131044320762157440185546875, 0.117828555405139923095703125, 0, 0.000000000278088163607748128924868069589138031005859375, 1, 0.00000000008669953643902772455476224422454833984375, 0, -0.117828555405139923095703125, -0.00000000005332889685405461932532489299774169921875, 0.993033945560455322265625, 0, 0.2447704970836639404296875, 0, 0, 1, },
			{ 0.9922158718109130859375, -0.0000000003029023698530863839550875127315521240234375, 0.124529190361499786376953125, 0, 0.000000000293651714056153423371142707765102386474609375, 1, 0.0000000000926403398437969372025690972805023193359375, 0, -0.124529190361499786376953125, -0.0000000000553510570711068794480524957180023193359375, 0.9922158718109130859375, 0, 0.251319587230682373046875, 0, 0, 1, },
			{ 0.991461336612701416015625, -0.000000000317413817452205648805829696357250213623046875, 0.13040046393871307373046875, 0, 0.0000000003072664622738585649130982346832752227783203125, 1, 0.000000000097936318776969955024469527415931224822998046875, 0, -0.13040046393871307373046875, -0.0000000000570323788195992165128700435161590576171875, 0.991461336612701416015625, 0, 0.257869243621826171875, 0, 0, 1, },
			{ 0.9907982349395751953125, -0.000000000329656690833957100039697252213954925537109375, 0.1353472769260406494140625, 0, 0.0000000003187211883304286175189190544188022613525390625, 1, 0.000000000102464259299495097366161644458770751953125, 0, -0.1353472769260406494140625, -0.0000000000583835202405680320225656032562255859375, 0.9907982349395751953125, 0, 0.2612316906452178955078125, 0, 0, 1, },
			{ 0.9902515411376953125, -0.0000000003394253489386045430364902131259441375732421875, 0.13929004967212677001953125, 0, 0.0000000003278402826989434970528236590325832366943359375, 1, 0.000000000106116448961302012321539223194122314453125, 0, -0.13929004967212677001953125, -0.000000000059416915831889127730391919612884521484375, 0.9902515411376953125, 0, 0.2645941078662872314453125, 0, 0, 1, },
			{ 0.989842951297760009765625, -0.00000000034655445180220567635842598974704742431640625, 0.1421650350093841552734375, 0, 0.0000000003344837740115735869039781391620635986328125, 1, 0.000000000108803403786605912273444118909537792205810546875, 0, -0.1421650350093841552734375, -0.00000000006014655440367278060875833034515380859375, 0.989842951297760009765625, 0, 0.2679565250873565673828125, 0, 0, 1, },
			{ 0.989588260650634765625, -0.0000000003509264823176039271857007406651973724365234375, 0.14392714202404022216796875, 0, 0.000000000338553129974883404429419897496700286865234375, 1, 0.000000000110460522673161420925680431537330150604248046875, 0, -0.14392714202404022216796875, -0.00000000006058353818616524222306907176971435546875, 0.989588260650634765625, 0, 0.271318972110748291015625, 0, 0, 1, },
			{ 0.9894979000091552734375, -0.000000000352465112651856316006160341203212738037109375, 0.14454708993434906005859375, 0, 0.000000000339984318475927693725680001080036163330078125, 1, 0.0000000001110453951014278572984039783477783203125, 0, -0.14454708993434906005859375, -0.0000000000607354166959339636377990245819091796875, 0.9894979000091552734375, 0, 0.268608391284942626953125, 0, 0, 1, },
			{ 0.98957538604736328125, -0.00000000035114544605363562368438579142093658447265625, 0.14401538670063018798828125, 0, 0.000000000338756855899902120654587633907794952392578125, 1, 0.000000000110543789400008307666212203912436962127685546875, 0, -0.14401538670063018798828125, -0.0000000000606050765128429702599532902240753173828125, 0.98957538604736328125, 0, 0.265897214412689208984375, 0, 0, 1, },
			{ 0.98981761932373046875, -0.0000000003469924070298446849847096018493175506591796875, 0.14234159886837005615234375, 0, 0.00000000033489155892851840690127573907375335693359375, 1, 0.000000000108969278045378814567811787128448486328125, 0, -0.14234159886837005615234375, -0.0000000000601907412800528618390671908855438232421875, 0.98981761932373046875, 0, 0.263186633586883544921875, 0, 0, 1, },
			{ 0.990214765071868896484375, -0.0000000003400732195846245531356544233858585357666015625, 0.1395514011383056640625, 0, 0.000000000328444438313368891613208688795566558837890625, 1, 0.000000000106359809848299846635200083255767822265625, 0, -0.1395514011383056640625, -0.00000000005948397330257648718543350696563720703125, 0.990214765071868896484375, 0, 0.2604760825634002685546875, 0, 0, 1, },
			{ 0.990751206874847412109375, -0.0000000003305067608483369667737861163914203643798828125, 0.13569052517414093017578125, 0, 0.000000000319515469637821070136851631104946136474609375, 1, 0.0000000001027806728615132669801823794841766357421875, 0, -0.13569052517414093017578125, -0.0000000000584747805731922198901884257793426513671875, 0.990751206874847412109375, 0, 0.2577655017375946044921875, 0, 0, 1, },
			{ 0.991405904293060302734375, -0.0000000003184557340052407425901037640869617462158203125, 0.13082168996334075927734375, 0, 0.0000000003082424593348065400277846492826938629150390625, 1, 0.0000000000983195747039644629694521427154541015625, 0, -0.13082168996334075927734375, -0.00000000005714984041560455807484686374664306640625, 0.991405904293060302734375, 0, 0.2550543248653411865234375, 0, 0, 1, },
			{ 0.99215376377105712890625, -0.00000000030412239393484696847735904157161712646484375, 0.12502314150333404541015625, 0, 0.00000000029479796381792766624130308628082275390625, 1, 0.000000000093082645757913695661045494489371776580810546875, 0, -0.12502314150333404541015625, -0.0000000000554958301535179998609237372875213623046875, 0.99215376377105712890625, 0, 0.2523437440395355224609375, 0, 0, 1, },
			{ 0.9929673671722412109375, -0.0000000002877475202556212252602563239634037017822265625, 0.118388526141643524169921875, 0, 0.000000000279389900104121124968514777719974517822265625, 1, 0.0000000000871918093281465189647860825061798095703125, 0, -0.118388526141643524169921875, -0.0000000000535020916458961437456309795379638671875, 0.9929673671722412109375, 0, 0.2448742687702178955078125, 0, 0, 1, },
			{ 0.993817508220672607421875, -0.0000000002696075862562707925462746061384677886962890625, 0.11102609336376190185546875, 0, 0.000000000262260269057179584706318564713001251220703125, 1, 0.00000000008078071545014609000645577907562255859375, 0, -0.11102609336376190185546875, -0.00000000005116351786682571400888264179229736328125, 0.993817508220672607421875, 0, 0.2374053895473480224609375, 0, 0, 1, },
			{ 0.99467563629150390625, -0.00000000025000546077791341303964145481586456298828125, 0.10305519402027130126953125, 0, 0.0000000002436779389380916427398915402591228485107421875, 1, 0.00000000007398881507469923235476016998291015625, 0, -0.10305519402027130126953125, -0.000000000048482551306960885995067656040191650390625, 0.99467563629150390625, 0, 0.22804321348667144775390625, 0, 0, 1, },
			{ 0.995514810085296630859375, -0.00000000022926753551200107494878466241061687469482421875, 0.094605408608913421630859375, 0, 0.000000000223937368648563506212667562067508697509765625, 1, 0.000000000066957994704353041015565395355224609375, 0, -0.094605408608913421630859375, -0.0000000000454718485087823864887468516826629638671875, 0.995514810085296630859375, 0, 0.2186804115772247314453125, 0, 0, 1, },
			{ 0.996311128139495849609375, -0.0000000002077380767406822315024328418076038360595703125, 0.085814483463764190673828125, 0, 0.00000000020335415296113268368571880273520946502685546875, 1, 0.0000000000598270322171856605564244091510772705078125, 0, -0.085814483463764190673828125, -0.0000000000421553902896221188711933791637420654296875, 0.996311128139495849609375, 0, 0.20760619640350341796875, 0, 0, 1, },
			{ 0.997044622898101806640625, -0.00000000018576988558560714182021911256015300750732421875, 0.076824851334095001220703125, 0, 0.000000000182257708924993266919045709073543548583984375, 1, 0.00000000005272848824233733466826379299163818359375, 0, -0.076824851334095001220703125, -0.00000000003857092423231733846478164196014404296875, 0.997044622898101806640625, 0, 0.19653259217739105224609375, 0, 0, 1, },
			{ 0.997700273990631103515625, -0.0000000001637160129686066056819981895387172698974609375, 0.067780099809169769287109375, 0, 0.0000000001609830047044624734553508460521697998046875, 1, 0.0000000000457835956646501784916836186312139034271240234375, 0, -0.067780099809169769287109375, -0.0000000000347666340161367770633660256862640380859375, 0.997700273990631103515625, 0, 0.1843023598194122314453125, 0, 0, 1, },
			{ 0.998268187046051025390625, -0.000000000141931522090743555963854305446147918701171875, 0.0588261000812053680419921875, 0, 0.000000000139873501669995903284871019423007965087890625, 1, 0.0000000000391027175916658364940303727053105831146240234375, 0, -0.0588261000812053680419921875, -0.0000000000308066870624568167613688274286687374114990234375, 0.998268187046051025390625, 0, 0.171379387378692626953125, 0, 0, 1, },
			{ 0.99874401092529296875, -0.000000000120756460386672870299662463366985321044921875, 0.0501036345958709716796875, 0, 0.00000000011926382104121557858888991177082061767578125, 1, 0.0000000000327802195110304950276258750818669795989990234375, 0, -0.0501036345958709716796875, -0.00000000002676325654149547261795305530540645122528076171875, 0.99874401092529296875, 0, 0.1578204333782196044921875, 0, 0, 1, },
			{ 0.999128162860870361328125, -0.000000000100515588907779118699181708507239818572998046875, 0.0417484939098358154296875, 0, 0.000000000099479528781198922615658375434577465057373046875, 1, 0.000000000026895374816149342223070561885833740234375, 0, -0.0417484939098358154296875, -0.00000000002271871579750950331799685955047607421875, 0.999128162860870361328125, 0, 0.1436907947063446044921875, 0, 0, 1, },
			{ 0.99942553043365478515625, -0.000000000081512734062538783064155722968280315399169921875, 0.033888638019561767578125, 0, 0.000000000080830064863590678214677609503269195556640625, 1, 0.00000000002151256950355673325248062610626220703125, 0, -0.033888638019561767578125, -0.00000000001876099275932574528269469738006591796875, 0.99942553043365478515625, 0, 0.129051506519317626953125, 0, 0, 1, },
			{ 0.999645054340362548828125, -0.000000000064024285872932296115322969853878021240234375, 0.02664177119731903076171875, 0, 0.0000000000636024566347259678877890110015869140625, 1, 0.00000000001668087890038805198855698108673095703125, 0, -0.02664177119731903076171875, -0.000000000014980461315872162231244146823883056640625, 0.999645054340362548828125, 0, 0.113970942795276641845703125, 0, 0, 1, },
			{ 0.99979770183563232421875, -0.000000000048293979926228303156676702201366424560546875, 0.02011232636868953704833984375, 0, 0.0000000000480536131719500048120607971213757991790771484375, 1, 0.000000000012435385186859715389573466381989419460296630859375, 0, -0.02011232636868953704833984375, -0.000000000011466382530966878761091720662079751491546630859375, 0.99979770183563232421875, 0, 0.098513789474964141845703125, 0, 0, 1, },
			{ 0.99989640712738037109375, -0.000000000034533320647511800416395999491214752197265625, 0.01439179293811321258544921875, 0, 0.000000000034410252425232101813890039920806884765625, 1, 0.000000000008799627693178990739397704601287841796875, 0, -0.01439179293811321258544921875, -0.00000000000830358004577647079713642597198486328125, 0.99989640712738037109375, 0, 0.082750849425792694091796875, 0, 0, 1, },
			{ 0.99995434284210205078125, -0.000000000022916391007044012440019287168979644775390625, 0.009556137956678867340087890625, 0, 0.00000000002286209936641636630838547716848552227020263671875, 1, 0.0000000000057875926273709410452283918857574462890625, 0, -0.009556137956678867340087890625, -0.0000000000055688782578389162125631628441624343395233154296875, 0.99995434284210205078125, 0, 0.066748045384883880615234375, 0, 0, 1, },
			{ 0.999983966350555419921875, -0.000000000013581080704483383669867180287837982177734375, 0.0056660459376871585845947265625, 0, 0.000000000013561984001098092988968346617184579372406005859375, 1, 0.0000000000034052760611302801407873630523681640625, 0, -0.0056660459376871585845947265625, -0.00000000000332844841098578481108916093944571912288665771484375, 0.999983966350555419921875, 0, 0.0505712889134883880615234375, 0, 0, 1, },
			{ 0.999996185302734375, -0.00000000000662669918938263435848057270050048828125, 0.002765648998320102691650390625, 0, 0.0000000000066221468413008022224630622076801955699920654296875, 1, 0.000000000001652455949852082994766533374786376953125, 0, -0.002765648998320102691650390625, -0.0000000000016342482922482304275035858154296875, 0.999996185302734375, 0, 0.034292601048946380615234375, 0, 0, 1, },
			{ 0.999999582767486572265625, -0.000000000002114808328457229436025954782962799072265625, 0.000882820342667400836944580078125, 0, 0.000000000002114364239247379373409785330295562744140625, 1, 0.0000000000005255795798575491062365472316741943359375, 0, -0.000882820342667400836944580078125, -0.0000000000005233591338082987931556999683380126953125, 0.999999582767486572265625, 0, 0.017974853515625, 0, 0, 1, },
			{ 1, -0.00000000000007094325127354750293307006359100341796875, 0.000029610409910674206912517547607421875, 0, 0.00000000000007094325127354750293307006359100341796875, 1, 0.0000000000000175415237890774733386933803558349609375, 0, -0.000029610409910674206912517547607421875, -0.0000000000000175415237890774733386933803558349609375, 1, 0, 0.001687011681497097015380859375, 0, 0, 1, },
			{ 1, -0.000000000000484445816795187056413851678371429443359375, 0.000202242765226401388645172119140625, 0, 0.000000000000484445816795187056413851678371429443359375, 1, 0.0000000000001201261312644419376738369464874267578125, 0, -0.000202242765226401388645172119140625, -0.0000000000001201261312644419376738369464874267578125, 1, 0, -0.0145068354904651641845703125, 0, 0, 1, },
			{ 0.99999904632568359375, -0.000000000003311517726700685670948587357997894287109375, 0.00138230365701019763946533203125, 0, 0.00000000000331040728683562601730727692483924329280853271484375, 1, 0.0000000000008235634396669411216862499713897705078125, 0, -0.00138230365701019763946533203125, -0.0000000000008191225475684404955245554447174072265625, 0.99999904632568359375, 0, -0.0305444337427616119384765625, 0, 0, 1, },
			{ 0.999993741512298583984375, -0.00000000000847588665919829509221017360687255859375, 0.00353708700276911258697509765625, 0, 0.000000000008468447297571568554985788068734109401702880859375, 1, 0.00000000000211675100190988896287080933689139783382415771484375, 0, -0.00353708700276911258697509765625, -0.0000000000020865531524805192020721733570098876953125, 0.999993741512298583984375, 0, -0.046363525092601776123046875, 0, 0, 1, },
			{ 0.999978005886077880859375, -0.000000000015871803871192469159723259508609771728515625, 0.006620950996875762939453125, 0, 0.0000000000158457691412650092388503253459930419921875, 1, 0.000000000003986588836824012105353176593780517578125, 0, -0.006620950996875762939453125, -0.0000000000038815617386944722966291010379791259765625, 0.999978005886077880859375, 0, -0.06190429627895355224609375, 0, 0, 1, },
			{ 0.99994409084320068359375, -0.000000000025365098910157257705577649176120758056640625, 0.01057594083249568939208984375, 0, 0.00000000002529870583856119736765322159044444561004638671875, 1, 0.0000000000064181988716771609659872410702519118785858154296875, 0, -0.01057594083249568939208984375, -0.0000000000061504135118184422026388347148895263671875, 0.99994409084320068359375, 0, -0.077109985053539276123046875, 0, 0, 1, },
			{ 0.9998824596405029296875, -0.000000000036796787838966338313184678554534912109375, 0.015333305113017559051513671875, 0, 0.000000000036657066271317262362572364509105682373046875, 1, 0.000000000009392707965572011374888461432419717311859130859375, 0, -0.015333305113017559051513671875, -0.0000000000088296037148438699659891426563262939453125, 0.9998824596405029296875, 0, -0.091925047338008880615234375, 0, 0, 1, },
			{ 0.999783337116241455078125, -0.000000000049981963012868391160736791789531707763671875, 0.02081346325576305389404296875, 0, 0.0000000000497244988240108654053983627818524837493896484375, 1, 0.000000000012886357779462453976293545565567910671234130859375, 0, -0.02081346325576305389404296875, -0.0000000000118485221634045956307090818881988525390625, 0.999783337116241455078125, 0, -0.106298826634883880615234375, 0, 0, 1, },
			{ 0.999637305736541748046875, -0.00000000006471678748454223750741221010684967041015625, 0.02692897431552410125732421875, 0, 0.000000000064285854417533982996246777474880218505859375, 1, 0.0000000000168698388591792536317370831966400146484375, 0, -0.02692897431552410125732421875, -0.0000000000151325618702458086772821843624114990234375, 0.999637305736541748046875, 0, -0.120180658996105194091796875, 0, 0, 1, },
			{ 0.999435961246490478515625, -0.000000000080773991661953203902157838456332683563232421875, 0.03358279168605804443359375, 0, 0.000000000080103645938578438290278427302837371826171875, 1, 0.000000000021306068020976454135961830615997314453125, 0, -0.03358279168605804443359375, -0.0000000000186040072236437481478787958621978759765625, 0.999435961246490478515625, 0, -0.1335211098194122314453125, 0, 0, 1, },
			{ 0.999172508716583251953125, -0.000000000097911782848125739064926165156066417694091796875, 0.0406724028289318084716796875, 0, 0.000000000096928409742957910566474311053752899169921875, 1, 0.00000000002614974729808761111371495644561946392059326171875, 0, -0.0406724028289318084716796875, -0.00000000002218580874568942817859351634979248046875, 0.999172508716583251953125, 0, -0.14627684652805328369140625, 0, 0, 1, },
			{ 0.99884307384490966796875, -0.000000000115870812944507406427874229848384857177734375, 0.0480884872376918792724609375, 0, 0.000000000114495912750811612568213604390621185302734375, 1, 0.0000000000313453707434518946683965623378753662109375, 0, -0.0480884872376918792724609375, -0.00000000002580313566979963724179469863884150981903076171875, 0.99884307384490966796875, 0, -0.158073723316192626953125, 0, 0, 1, },
			{ 0.998446524143218994140625, -0.000000000134381006322570328848087228834629058837890625, 0.0557180084288120269775390625, 0, 0.000000000132534816454921156037016771733760833740234375, 1, 0.000000000036828762262075542821548879146575927734375, 0, -0.0557180084288120269775390625, -0.0000000000293869373280131185310892760753631591796875, 0.998446524143218994140625, 0, -0.16987121105194091796875, 0, 0, 1, },
			{ 0.997985422611236572265625, -0.0000000001531565707590942793103749863803386688232421875, 0.06344234943389892578125, 0, 0.000000000150762513584368207375518977642059326171875, 1, 0.000000000042522874110773045686073601245880126953125, 0, -0.06344234943389892578125, -0.00000000003287237149152133497409522533416748046875, 0.997985422611236572265625, 0, -0.180267333984375, 0, 0, 1, },
			{ 0.997466027736663818359375, -0.000000000171911318513906508087529800832271575927734375, 0.07114350795745849609375, 0, 0.00000000016889993570412542567282798700034618377685546875, 1, 0.000000000048343107295067966333590447902679443359375, 0, -0.07114350795745849609375, -0.000000000036204372833026354783214628696441650390625, 0.997466027736663818359375, 0, -0.1906628310680389404296875, 0, 0, 1, },
			{ 0.99689829349517822265625, -0.0000000001903475432829537794532370753586292266845703125, 0.078699700534343719482421875, 0, 0.000000000186661519574471412852290086448192596435546875, 1, 0.0000000000541928689423709641914683743380010128021240234375, 0, -0.078699700534343719482421875, -0.0000000000393345356286545211332850158214569091796875, 0.99689829349517822265625, 0, -0.1995281875133514404296875, 0, 0, 1, },
			{ 0.99629580974578857421875, -0.000000000208173089877305983463884331285953521728515625, 0.085992328822612762451171875, 0, 0.000000000203771055584667237781104631721973419189453125, 1, 0.000000000059969362808942605624906718730926513671875, 0, -0.085992328822612762451171875, -0.000000000042224446161753803608007729053497314453125, 0.99629580974578857421875, 0, -0.2083935439586639404296875, 0, 0, 1, },
			{ 0.99567508697509765625, -0.000000000225094665129432769390405155718326568603515625, 0.09290300309658050537109375, 0, 0.000000000219954998659233069702167995274066925048828125, 1, 0.0000000000655624443623992192442528903484344482421875, 0, -0.09290300309658050537109375, -0.0000000000448443504552642480120994150638580322265625, 0.99567508697509765625, 0, -0.21562378108501434326171875, 0, 0, 1, },
			{ 0.99505555629730224609375, -0.000000000240831521391982050772639922797679901123046875, 0.0993193686008453369140625, 0, 0.000000000234955555011850947266793809831142425537109375, 1, 0.000000000070858874323675991035997867584228515625, 0, -0.0993193686008453369140625, -0.00000000004717293222711305133998394012451171875, 0.99505555629730224609375, 0, -0.22285400331020355224609375, 0, 0, 1, },
			{ 0.9944579601287841796875, -0.000000000255116650027531477462616749107837677001953125, 0.10513508319854736328125, 0, 0.000000000248530473978547661317861638963222503662109375, 1, 0.000000000075746291183786951251022401265799999237060546875, 0, -0.10513508319854736328125, -0.0000000000491970873761626847908701165579259395599365234375, 0.9944579601287841796875, 0, -0.22792236506938934326171875, 0, 0, 1, },
			{ 0.993903636932373046875, -0.00000000026770241579043840829399414360523223876953125, 0.110252059996128082275390625, 0, 0.00000000026045743339864202425815165042877197265625, 1, 0.0000000000801143595907660710508935153484344482421875, 0, -0.110252059996128082275390625, -0.000000000050909942928001328255049884319305419921875, 0.993903636932373046875, 0, -0.2329907119274139404296875, 0, 0, 1, },
			{ 0.99341404438018798828125, -0.0000000002783595298705421328122611157596111297607421875, 0.114579893648624420166015625, 0, 0.0000000002705327073471153198624961078166961669921875, 1, 0.000000000083858697763616873999126255512237548828125, 0, -0.114579893648624420166015625, -0.000000000052308823939029025495983660221099853515625, 0.99341404438018798828125, 0, -0.2380590736865997314453125, 0, 0, 1, },
			{ 0.99300825595855712890625, -0.0000000002869003645766809995620860718190670013427734375, 0.118044994771480560302734375, 0, 0.000000000278591316682508249868988059461116790771484375, 1, 0.00000000008688960662084355135448276996612548828125, 0, -0.118044994771480560302734375, -0.000000000053395954324741978780366480350494384765625, 0.99300825595855712890625, 0, -0.2367517054080963134765625, 0, 0, 1, },
			{ 0.992702901363372802734375, -0.00000000029316726823935823631472885608673095703125, 0.12058563530445098876953125, 0, 0.0000000002844952884384355229485663585364818572998046875, 1, 0.0000000000891307028183518923469819128513336181640625, 0, -0.12058563530445098876953125, -0.0000000000541742206650042135152034461498260498046875, 0.992702901363372802734375, 0, -0.2354443371295928955078125, 0, 0, 1, },
			{ 0.99251091480255126953125, -0.0000000002970429735515978109106072224676609039306640625, 0.12215609848499298095703125, 0, 0.000000000288142842919114627875387668609619140625, 1, 0.000000000090523803730757634866677108220756053924560546875, 0, -0.12215609848499298095703125, -0.0000000000546476162932574283104258938692510128021240234375, 0.99251091480255126953125, 0, -0.23413695394992828369140625, 0, 0, 1, },
			{ 0.99244034290313720703125, -0.0000000002984540115047451536156586371362209320068359375, 0.12272770702838897705078125, 0, 0.00000000028947011454505400251946412026882171630859375, 1, 0.0000000000910322928149298604694195091724395751953125, 0, -0.12272770702838897705078125, -0.0000000000548181500192868043086491525173187255859375, 0.99244034290313720703125, 0, -0.23282958567142486572265625, 0, 0, 1, },
			{ 0.99249446392059326171875, -0.000000000297372793056638329289853572845458984375, 0.122289709746837615966796875, 0, 0.00000000028845315025449735912843607366085052490234375, 1, 0.000000000090642604533286430523730814456939697265625, 0, -0.122289709746837615966796875, -0.0000000000546873622775390089145730598829686641693115234375, 0.99249446392059326171875, 0, -0.23152221739292144775390625, 0, 0, 1, },
			{ 0.99267065525054931640625, -0.0000000002938217169567991504663950763642787933349609375, 0.120850861072540283203125, 0, 0.0000000002851114622171024848285014741122722625732421875, 1, 0.0000000000893656260103625754709355533123016357421875, 0, -0.120850861072540283203125, -0.0000000000542545973425401228951159282587468624114990234375, 0.99267065525054931640625, 0, -0.23021544516086578369140625, 0, 0, 1, },
			{ 0.992961585521697998046875, -0.0000000002878652594073827231113682501018047332763671875, 0.118436269462108612060546875, 0, 0.000000000279500811384281178106903098523616790771484375, 1, 0.000000000087233775758477349882014095783233642578125, 0, -0.118436269462108612060546875, -0.000000000053516746589821195811964571475982666015625, 0.992961585521697998046875, 0, -0.22890807688236236572265625, 0, 0, 1, },
			{ 0.99335515499114990234375, -0.000000000279613276976675706464448012411594390869140625, 0.11508874595165252685546875, 0, 0.000000000271716593669424355539376847445964813232421875, 1, 0.0000000000843021208396521615213714540004730224609375, 0, -0.11508874595165252685546875, -0.0000000000524702503668095232569612562656402587890625, 0.99335515499114990234375, 0, -0.22760070860385894775390625, 0, 0, 1, },
			{ 0.99383509159088134765625, -0.00000000026921842533056405954994261264801025390625, 0.1108680069446563720703125, 0, 0.0000000002618920358354870359107735566794872283935546875, 1, 0.0000000000806446021073270458145998418331146240234375, 0, -0.1108680069446563720703125, -0.0000000000511120000490361547917927964590489864349365234375, 0.99383509159088134765625, 0, -0.2262933254241943359375, 0, 0, 1, },
			{ 0.994382321834564208984375, -0.000000000256867249692760424295556731522083282470703125, 0.1058472096920013427734375, 0, 0.000000000250191256601084432986681349575519561767578125, 1, 0.0000000000763502594480769403162412345409393310546875, 0, -0.1058472096920013427734375, -0.0000000000494393415095828459016047418117523193359375, 0.994382321834564208984375, 0, -0.22498595714569091796875, 0, 0, 1, },
			{ 0.994976043701171875, -0.0000000002427808787341945162552292458713054656982421875, 0.100113473832607269287109375, 0, 0.0000000002368103491079409650410525500774383544921875, 1, 0.0000000000715214554247722844593226909637451171875, 0, -0.100113473832607269287109375, -0.0000000000474542592721061140537130995653569698333740234375, 0.994976043701171875, 0, -0.2236785888671875, 0, 0, 1, },
			{ 0.995594441890716552734375, -0.00000000022720321457558867450643447227776050567626953125, 0.093763329088687896728515625, 0, 0.00000000022196770810278820817984524182975292205810546875, 1, 0.0000000000662667698492214185534976422786712646484375, 0, -0.093763329088687896728515625, -0.0000000000451623183295168928452767431735992431640625, 0.995594441890716552734375, 0, -0.21654967963695526123046875, 0, 0, 1, },
			{ 0.99621665477752685546875, -0.000000000210402417710753297797054983675479888916015625, 0.0869034230709075927734375, 0, 0.000000000205906347527928801355301402509212493896484375, 1, 0.0000000000607001116037508836598135530948638916015625, 0, -0.0869034230709075927734375, -0.0000000000425763868605599782313220202922821044921875, 0.99621665477752685546875, 0, -0.2094207704067230224609375, 0, 0, 1, },
			{ 0.996823251247406005859375, -0.000000000192658278219681733389734290540218353271484375, 0.0796457827091217041015625, 0, 0.000000000188882964824443888574023731052875518798828125, 1, 0.0000000000549349454814773707767017185688018798828125, 0, -0.0796457827091217041015625, -0.0000000000397168964383354250458069145679473876953125, 0.996823251247406005859375, 0, -0.20064757764339447021484375, 0, 0, 1, },
			{ 0.99739682674407958984375, -0.0000000001742615218791598863390390761196613311767578125, 0.0721075534820556640625, 0, 0.0000000001711679686877687345258891582489013671875, 1, 0.00000000004908162765104862046428024768829345703125, 0, -0.0721075534820556640625, -0.00000000003661160263845886220224201679229736328125, 0.99739682674407958984375, 0, -0.19187438488006591796875, 0, 0, 1, },
			{ 0.9979236125946044921875, -0.00000000015550831455879432496658409945666790008544921875, 0.064408861100673675537109375, 0, 0.000000000153040746742050259854295291006565093994140625, 1, 0.0000000000432454072551990975625813007354736328125, 0, -0.064408861100673675537109375, -0.00000000003329869713297739508561789989471435546875, 0.9979236125946044921875, 0, -0.18155761063098907470703125, 0, 0, 1, },
			{ 0.998392879962921142578125, -0.00000000013669321230480591111700050532817840576171875, 0.0566700659692287445068359375, 0, 0.00000000013478340665784571683616377413272857666015625, 1, 0.00000000003752287369707119069062173366546630859375, 0, -0.0566700659692287445068359375, -0.0000000000298241396856635532230939134024083614349365234375, 0.998392879962921142578125, 0, -0.17124022543430328369140625, 0, 0, 1, },
			{ 0.998798191547393798828125, -0.00000000011811074340783989100600592792034149169921875, 0.049012519419193267822265625, 0, 0.00000000011668255250896208963240496814250946044921875, 1, 0.0000000000320021786848201372777111828327178955078125, 0, -0.049012519419193267822265625, -0.00000000002624478412371900049038231372833251953125, 0.998798191547393798828125, 0, -0.159508049488067626953125, 0, 0, 1, },
