function data()
return { 
		times = { 0, 41.667000000000001591615728102624416351318359375, 83.332999999999998408384271897375583648681640625, 125, 166.667000000000001591615728102624416351318359375, 208.332999999999998408384271897375583648681640625, 250, 291.66699999999997316990629769861698150634765625, 333.33300000000002683009370230138301849365234375, 375, 416.66699999999997316990629769861698150634765625, 458.33300000000002683009370230138301849365234375, 500, 541.6670000000000300133251585066318511962890625, 583.3329999999999699866748414933681488037109375, 625, 666.6670000000000300133251585066318511962890625, 708.3329999999999699866748414933681488037109375, 750, 791.6670000000000300133251585066318511962890625, 833.3329999999999699866748414933681488037109375, 875, 916.6670000000000300133251585066318511962890625, 958.3329999999999699866748414933681488037109375, 1000, 1041.66699999999991632648743689060211181640625, 1083.33300000000008367351256310939788818359375, 1125, 1166.66699999999991632648743689060211181640625, 1208.33300000000008367351256310939788818359375, 1250, 1291.66699999999991632648743689060211181640625, 1333.33300000000008367351256310939788818359375, 1375, 1416.66699999999991632648743689060211181640625, 1458.33300000000008367351256310939788818359375, 1500, 1541.66699999999991632648743689060211181640625, 1583.33300000000008367351256310939788818359375, 1625, 1666.66699999999991632648743689060211181640625, 1708.33300000000008367351256310939788818359375, 1750, 1791.66699999999991632648743689060211181640625, 1833.33300000000008367351256310939788818359375, 1875, 1916.66699999999991632648743689060211181640625, 1958.33300000000008367351256310939788818359375, 2000, 2041.66699999999991632648743689060211181640625, 2083.33300000000008367351256310939788818359375, 2125, 2166.66699999999991632648743689060211181640625, 2208.33300000000008367351256310939788818359375, 2250, 2291.66699999999991632648743689060211181640625, 2333.33300000000008367351256310939788818359375, 2375, 2416.66699999999991632648743689060211181640625, 2458.33300000000008367351256310939788818359375, 2500, 2541.66699999999991632648743689060211181640625, 2583.33300000000008367351256310939788818359375, 2625, 2666.66699999999991632648743689060211181640625, 2708.33300000000008367351256310939788818359375, 2750, 2791.66699999999991632648743689060211181640625, 2833.33300000000008367351256310939788818359375, 2875, 2916.66699999999991632648743689060211181640625, 2958.33300000000008367351256310939788818359375, 3000, 3041.66699999999991632648743689060211181640625, 3083.33300000000008367351256310939788818359375, 3125, 3166.66699999999991632648743689060211181640625, 3208.33300000000008367351256310939788818359375, 3250, 3291.66699999999991632648743689060211181640625, 3333.33300000000008367351256310939788818359375, 3375, 3416.66699999999991632648743689060211181640625, 3458.33300000000008367351256310939788818359375, 3500, 3541.66699999999991632648743689060211181640625, 3583.33300000000008367351256310939788818359375, 3625, 3666.66699999999991632648743689060211181640625, 3708.33300000000008367351256310939788818359375, 3750, 3791.66699999999991632648743689060211181640625, 3833.33300000000008367351256310939788818359375, 3875, 3916.66699999999991632648743689060211181640625, 3958.33300000000008367351256310939788818359375, 4000, 4041.66699999999991632648743689060211181640625, 4083.33300000000008367351256310939788818359375, 4125, 4166.6670000000003710738383233547210693359375, },
		transfs = {
			{ 1, 0, -0.0000000000000017663716973806615519182461326863631256856024265289, 0, 0, 1, 0, 0, 0.000000000000001786342087298957784224917588744574459269642829895, 0, 1, 0, 0, 0.0000000762939436071974341757595539093017578125, 0, 1, },
			{ 0.999998569488525390625, -0.00000000001057731680020879139192402362823486328125, 0.001698376960121095180511474609375, 0, 0.00000000001058186871460975453373976051807403564453125, 1, -0.00000000000271338507218388258479535579681396484375, 0, -0.001698376028798520565032958984375, 0.00000000000273114864057788508944213390350341796875, 0.999998569488525390625, 0, -0.000848388648591935634613037109375, 0.0000000762939436071974341757595539093017578125, -0.002506256103515625, 1, },
			{ 0.9999942779541015625, -0.00000000002089972639396364684216678142547607421875, 0.00335656548850238323211669921875, 0, 0.00000000002091782302926503689377568662166595458984375, 1, -0.000000000005345501818965203710831701755523681640625, 0, -0.00335656409151852130889892578125, 0.0000000000054161120033313636668026447296142578125, 0.9999942779541015625, 0, -0.00169677729718387126922607421875, 0.0000000762939436071974341757595539093017578125, -0.004992523230612277984619140625, 1, },
			{ 0.999987661838531494140625, -0.00000000003093381106822334913886152207851409912109375, 0.0049690823070704936981201171875, 0, 0.0000000000309733315384530527580864145420491695404052734375, 1, -0.000000000007888355767204924262614440522156655788421630859375, 0, -0.0049690790474414825439453125, 0.000000000008042011501174783916212618350982666015625, 0.999987661838531494140625, 0, -0.00254516606219112873077392578125, 0.0000000762939436071974341757595539093017578125, -0.007448959164321422576904296875, 1, },
			{ 0.99997866153717041015625, -0.0000000000406472633329713062266819179058074951171875, 0.006530732847750186920166015625, 0, 0.0000000000407155385795388014003037824295461177825927734375, 1, -0.00000000001033573227005035732872784137725830078125, 0, -0.00653073005378246307373046875, 0.000000000010601741706750544835813343524932861328125, 0.99997866153717041015625, 0, -0.0033935545943677425384521484375, 0.0000000762939436071974341757595539093017578125, -0.009865417145192623138427734375, 1, },
			{ 0.999967634677886962890625, -0.00000000005001166147877711409819312393665313720703125, 0.008036843501031398773193359375, 0, 0.000000000050115023242369716172106564044952392578125, 1, -0.000000000012681855565688238129951059818267822265625, 0, -0.008036839775741100311279296875, 0.00000000001308375630060254479758441448211669921875, 0.999967634677886962890625, 0, -0.004241943359375, 0.0000000762939436071974341757595539093017578125, -0.01223285682499408721923828125, 1, },
			{ 0.999954998493194580078125, -0.000000000058998798901921389870040002278983592987060546875, 0.009482854045927524566650390625, 0, 0.00000000005914291278941163909621536731719970703125, 1, -0.00000000001492050927254240377806127071380615234375, 0, -0.009482850320637226104736328125, 0.0000000000154809498553731827996671199798583984375, 0.999954998493194580078125, 0, -0.0050903321243822574615478515625, 0.0000000762939436071974341757595539093017578125, -0.014541930519044399261474609375, 1, },
			{ 0.999940931797027587890625, -0.00000000006758227311109976653824560344219207763671875, 0.01086440868675708770751953125, 0, 0.00000000006777145511449589321273379027843475341796875, 1, -0.0000000000170476965877242037095129489898681640625, 0, -0.0108644030988216400146484375, 0.000000000017782664230026057339273393154144287109375, 0.999940931797027587890625, 0, -0.0059387204237282276153564453125, 0.0000000762939436071974341757595539093017578125, -0.01678329519927501678466796875, 1, },
			{ 0.9999258518218994140625, -0.000000000075737742466497337545661139301955699920654296875, 0.01217753253877162933349609375, 0, 0.0000000000759754481549634874681942164897918701171875, 1, -0.000000000019058088440715437172912061214447021484375, 0, -0.012177526950836181640625, 0.000000000019981793997203567414544522762298583984375, 0.9999258518218994140625, 0, -0.006787109188735485076904296875, 0.0000000762939436071974341757595539093017578125, -0.018947906792163848876953125, 1, },
			{ 0.99990999698638916015625, -0.000000000083442468212790998904893058352172374725341796875, 0.01341846771538257598876953125, 0, 0.00000000008373091109348251848132349550724029541015625, 1, -0.0000000000209485762070471537299454212188720703125, 0, -0.0134184621274471282958984375, 0.000000000022069901461918561835773289203643798828125, 0.99990999698638916015625, 0, -0.0076354979537427425384521484375, 0.0000000762939436071974341757595539093017578125, -0.0210280604660511016845703125, 1, },
			{ 0.999893605709075927734375, -0.000000000090675793262828818797061103396117687225341796875, 0.014583867974579334259033203125, 0, 0.00000000009101663867028264576219953596591949462890625, 1, -0.00000000002271516308383070281706750392913818359375, 0, -0.0145838595926761627197265625, 0.000000000024039881196813439601100981235504150390625, 0.999893605709075927734375, 0, -0.00935913063585758209228515625, 0.0000000762939436071974341757595539093017578125, -0.0230146013200283050537109375, 1, },
			{ 0.9998772144317626953125, -0.000000000097417733602167544404437649063766002655029296875, 0.015670426189899444580078125, 0, 0.000000000097811418686699624913671868853271007537841796875, 1, -0.00000000002435429462266380795654185931198298931121826171875, 0, -0.01567041873931884765625, 0.00000000002588418368532074964605271816253662109375, 0.9998772144317626953125, 0, -0.011082763783633708953857421875, 0.0000000762939436071974341757595539093017578125, -0.0249006263911724090576171875, 1, },
			{ 0.999860942363739013671875, -0.00000000010364953340058491448871791362762451171875, 0.0166750140488147735595703125, 0, 0.000000000104095281006078010932469624094665050506591796875, 1, -0.000000000025863311492457796703092753887176513671875, 0, -0.01667500846087932586669921875, 0.00000000002759570176535941499196269433014094829559326171875, 0.999860942363739013671875, 0, -0.012806701473891735076904296875, 0.0000000762939436071974341757595539093017578125, -0.0266773216426372528076171875, 1, },
			{ 0.999845206737518310546875, -0.000000000109355406674449540105342748574912548065185546875, 0.01759505830705165863037109375, 0, 0.000000000109851676366456985078912111930549144744873046875, 1, -0.000000000027239988042992990813218057155609130859375, 0, -0.0175950489938259124755859375, 0.00000000002916866748137181275524199008941650390625, 0.999845206737518310546875, 0, -0.014530333690345287322998046875, 0.0000000762939436071974341757595539093017578125, -0.028339385986328125, 1, },
			{ 0.999830186367034912109375, -0.00000000011451961601238735966035164892673492431640625, 0.01842793636023998260498046875, 0, 0.000000000115063958361361073912121355533599853515625, 1, -0.00000000002848165973901028991122075240127742290496826171875, 0, -0.01842792890965938568115234375, 0.00000000003059685838024961412884294986724853515625, 0.999830186367034912109375, 0, -0.01665344275534152984619140625, 0.0000000762939436071974341757595539093017578125, -0.02987857721745967864990234375, 1, },
			{ 0.999816238880157470703125, -0.000000000119127374631489146850071847438812255859375, 0.01917123235762119293212890625, 0, 0.0000000001197164589683552549104206264019012451171875, 1, -0.00000000002958611133863087161444127559661865234375, 0, -0.01917122490704059600830078125, 0.0000000000318753877459609924471806152723729610443115234375, 0.999816238880157470703125, 0, -0.01877685450017452239990234375, 0.0000000762939436071974341757595539093017578125, -0.031290434300899505615234375, 1, },
			{ 0.999803483486175537109375, -0.00000000012316647701737792885978706181049346923828125, 0.01982291229069232940673828125, 0, 0.0000000001237963065392477801651693880558013916015625, 1, -0.0000000000305515612808449077419936656951904296875, 0, -0.019822902977466583251953125, 0.000000000032999825094748302944935858249664306640625, 0.999803483486175537109375, 0, -0.0209002681076526641845703125, 0.0000000762939436071974341757595539093017578125, -0.032568283379077911376953125, 1, },
			{ 0.999792277812957763671875, -0.00000000012662526582829514154582284390926361083984375, 0.02038105390965938568115234375, 0, 0.00000000012729106657616284792311489582061767578125, 1, -0.000000000031376234943536474020220339298248291015625, 0, -0.02038104273378849029541015625, 0.000000000033963942769332788884639739990234375, 0.999792277812957763671875, 0, -0.02302337624132633209228515625, 0.0000000762939436071974341757595539093017578125, -0.033635444939136505126953125, 1, },
			{ 0.99978268146514892578125, -0.0000000001294930829232043834053911268711090087890625, 0.02084390819072723388671875, 0, 0.000000000130189636848854206618852913379669189453125, 1, -0.00000000003205880005907602026127278804779052734375, 0, -0.0208438970148563385009765625, 0.000000000034765523793112151906825602054595947265625, 0.99978268146514892578125, 0, -0.02539001405239105224609375, 0.0000000762939436071974341757595539093017578125, -0.034702606499195098876953125, 1, },
			{ 0.99977505207061767578125, -0.0000000001317606024286988031235523521900177001953125, 0.0212098993360996246337890625, 0, 0.0000000001324818033054953048122115433216094970703125, 1, -0.000000000032597480270624146214686334133148193359375, 0, -0.021209888160228729248046875, 0.0000000000354001238045409394317175610922276973724365234375, 0.99977505207061767578125, 0, -0.02775695733726024627685546875, 0.0000000762939436071974341757595539093017578125, -0.0354758836328983306884765625, 1, },
			{ 0.999769270420074462890625, -0.00000000013342027482821094963583163917064666748046875, 0.02147779427468776702880859375, 0, 0.00000000013415966948482349607729702256619930267333984375, 1, -0.00000000003299138739976115175522863864898681640625, 0, -0.02147778309881687164306640625, 0.000000000035865088676700906944461166858673095703125, 0.999769270420074462890625, 0, -0.0301235951483249664306640625, 0.0000000762939436071974341757595539093017578125, -0.0362491607666015625, 1, },
			{ 0.9997656345367431640625, -0.00000000013446542490580526418852969072759151458740234375, 0.0216465257108211517333984375, 0, 0.00000000013521661568205445291823707520961761474609375, 1, -0.0000000000332391891788574866950511932373046875, 0, -0.02164651453495025634765625, 0.000000000036158187555201948271133005619049072265625, 0.9997656345367431640625, 0, -0.0326068103313446044921875, 0.0000000762939436071974341757595539093017578125, -0.036559484899044036865234375, 1, },
			{ 0.999764144420623779296875, -0.00000000013489008521272438656524172984063625335693359375, 0.02171505801379680633544921875, 0, 0.0000000001356459389256770009524188935756683349609375, 1, -0.00000000003333955334028360084630548954010009765625, 0, -0.02171504683792591094970703125, 0.0000000000362771999939948130986522301100194454193115234375, 0.999764144420623779296875, 0, -0.0350897200405597686767578125, 0.0000000762939436071974341757595539093017578125, -0.0368698127567768096923828125, 1, },
			{ 0.999764919281005859375, -0.00000000013469059201298705374938435852527618408203125, 0.0216828621923923492431640625, 0, 0.00000000013544421140210261000902391970157623291015625, 1, -0.000000000033292479884039494208991527557373046875, 0, -0.02168284915387630462646484375, 0.000000000036221248223000657162629067897796630859375, 0.999764919281005859375, 0, -0.03757293522357940673828125, 0.0000000762939436071974341757595539093017578125, -0.0371801741421222686767578125, 1, },
			{ 0.999767780303955078125, -0.000000000133864030971153624705038964748382568359375, 0.0215494371950626373291015625, 0, 0.00000000013460843550916479216539300978183746337890625, 1, -0.0000000000330966330730486646416466101072728633880615234375, 0, -0.02154942415654659271240234375, 0.000000000035989433655458924476988613605499267578125, 0.999767780303955078125, 0, -0.040084533393383026123046875, 0.0000000762939436071974341757595539093017578125, -0.03749050199985504150390625, 1, },
			{ 0.999772846698760986328125, -0.00000000013240841756356758196488954126834869384765625, 0.0213144607841968536376953125, 0, 0.00000000013313672386772168465540744364261627197265625, 1, -0.000000000032751135137232267879880964756011962890625, 0, -0.021314449608325958251953125, 0.00000000003558131567160671693272888660430908203125, 0.999772846698760986328125, 0, -0.0425964333117008209228515625, 0.0000000762939436071974341757595539093017578125, -0.0371711738407611846923828125, 1, },
			{ 0.999779880046844482421875, -0.00000000013032429302395343029274954460561275482177734375, 0.02097805403172969818115234375, 0, 0.00000000013102974261158806257299147546291351318359375, 1, -0.000000000032256419757459298125468194484710693359375, 0, -0.02097804285585880279541015625, 0.0000000000349977789804167827014680369757115840911865234375, 0.999779880046844482421875, 0, -0.0451080314815044403076171875, 0.0000000762939436071974341757595539093017578125, -0.0368518047034740447998046875, 1, },
			{ 0.999788939952850341796875, -0.0000000001276132532979090683511458337306976318359375, 0.02054049633443355560302734375, 0, 0.00000000012828949014220825119991786777973175048828125, 1, -0.0000000000316115987553100552531759603880345821380615234375, 0, -0.0205404870212078094482421875, 0.0000000000342401627884125758782829507254064083099365234375, 0.999788939952850341796875, 0, -0.0475582890212535858154296875, 0.0000000762939436071974341757595539093017578125, -0.036532439291477203369140625, 1, },
			{ 0.999799907207489013671875, -0.00000000012427825435423756061936728656291961669921875, 0.0200023353099822998046875, 0, 0.00000000012491974121786597606842406094074249267578125, 1, -0.000000000030816682539125395123846828937530517578125, 0, -0.0200023241341114044189453125, 0.00000000003330935527401379658840596675872802734375, 0.999799907207489013671875, 0, -0.05000884830951690673828125, 0.0000000762939436071974341757595539093017578125, -0.0362131111323833465576171875, 1, },
			{ 0.99981248378753662109375, -0.00000000012032497220815230321022681891918182373046875, 0.01936444826424121856689453125, 0, 0.00000000012092604695368436296121217310428619384765625, 1, -0.000000000029872548878984162001870572566986083984375, 0, -0.01936444081366062164306640625, 0.00000000003220890221200534142553806304931640625, 0.99981248378753662109375, 0, -0.05245910584926605224609375, 0.0000000762939436071974341757595539093017578125, -0.03543098270893096923828125, 1, },
			{ 0.999826490879058837890625, -0.000000000115760290242405972094275057315826416015625, 0.018628068268299102783203125, 0, 0.000000000116316505038849271613798919133841991424560546875, 1, -0.000000000028779201244333307840861380100250244140625, 0, -0.0186280570924282073974609375, 0.000000000030941027517883412656374275684356689453125, 0.999826490879058837890625, 0, -0.0547625720500946044921875, 0.0000000762939436071974341757595539093017578125, -0.034648895263671875, 1, },
			{ 0.999841630458831787109375, -0.000000000110592417168486889522682758979499340057373046875, 0.01779453456401824951171875, 0, 0.00000000011109990705193695248453877866268157958984375, 1, -0.00000000002753752607886905678924449603073298931121826171875, 0, -0.017794527113437652587890625, 0.000000000029510172083746510907076299190521240234375, 0.999841630458831787109375, 0, -0.057065732777118682861328125, 0.0000000762939436071974341757595539093017578125, -0.03357322514057159423828125, 1, },
			{ 0.99985778331756591796875, -0.00000000010483380830095256897038780152797698974609375, 0.0168659351766109466552734375, 0, 0.000000000105289658935969754338657367043197154998779296875, 1, -0.000000000026149304943601237027905881404876708984375, 0, -0.01686592586338520050048828125, 0.000000000027921220890902986866421997547149658203125, 0.99985778331756591796875, 0, -0.059369198977947235107421875, 0.0000000762939436071974341757595539093017578125, -0.0324975214898586273193359375, 1, },
			{ 0.999874413013458251953125, -0.000000000098496426292893346499113249592483043670654296875, 0.0158442743122577667236328125, 0, 0.00000000009889877805591140713659115135669708251953125, 1, -0.00000000002461586490198897081427276134490966796875, 0, -0.0158442668616771697998046875, 0.000000000026179503009871041285805404186248779296875, 0.999874413013458251953125, 0, -0.0613952614367008209228515625, 0.0000000762939436071974341757595539093017578125, -0.03121181391179561614990234375, 1, },
			{ 0.999891459941864013671875, -0.0000000000915958420222295899293385446071624755859375, 0.01473213173449039459228515625, 0, 0.00000000009194367489584465147345326840877532958984375, 1, -0.00000000002293898231087165839880981366150081157684326171875, 0, -0.014732123352587223052978515625, 0.000000000024291235689588575041852891445159912109375, 0.999891459941864013671875, 0, -0.063421629369258880615234375, 0.0000000762939436071974341757595539093017578125, -0.02979278564453125, 1, },
			{ 0.999908447265625, -0.00000000008415101948600067771621979773044586181640625, 0.013532616198062896728515625, 0, 0.000000000084444444492515202682625385932624340057373046875, 1, -0.00000000002112177099888867815025150775909423828125, 0, -0.01353261061012744903564453125, 0.000000000022262636178993489011190831661224365234375, 0.999908447265625, 0, -0.06544768810272216796875, 0.0000000762939436071974341757595539093017578125, -0.0282457731664180755615234375, 1, },
			{ 0.9999248981475830078125, -0.0000000000761819496375437665847130119800567626953125, 0.012249059975147247314453125, 0, 0.000000000076422423944677575491368770599365234375, 1, -0.000000000019167334386338552576489746570587158203125, 0, -0.012249055318534374237060546875, 0.00000000002010214217307293438352644443511962890625, 0.9999248981475830078125, 0, -0.06747375428676605224609375, 0.0000000762939436071974341757595539093017578125, -0.02657707221806049346923828125, 1, },
			{ 0.99994075298309326171875, -0.000000000067711496132272230852322536520659923553466796875, 0.01088520325720310211181640625, 0, 0.00000000006790135120837703652796335518360137939453125, 1, -0.0000000000170796710108334082178771495819091796875, 0, -0.010885198600590229034423828125, 0.00000000001781774727760421228595077991485595703125, 0.99994075298309326171875, 0, -0.06900359690189361572265625, 0.0000000762939436071974341757595539093017578125, -0.024793319404125213623046875, 1, },
			{ 0.999955356121063232421875, -0.000000000058765436961039085872471332550048828125, 0.009445304982364177703857421875, 0, 0.00000000005890843368661080603487789630889892578125, 1, -0.0000000000148627776752618956379592418670654296875, 0, -0.009445301257073879241943359375, 0.000000000015418333276784323970787227153778076171875, 0.999955356121063232421875, 0, -0.07053375244140625, 0.0000000762939436071974341757595539093017578125, -0.02290176413953304290771484375, 1, },
			{ 0.99996852874755859375, -0.000000000049371617905080711352638900279998779296875, 0.0079338885843753814697265625, 0, 0.00000000004947242615571667556650936603546142578125, 1, -0.0000000000125215393609323655255138874053955078125, 0, -0.0079338848590850830078125, 0.000000000012914113355078082889804136357270181179046630859375, 0.99996852874755859375, 0, -0.0720635950565338134765625, 0.0000000762939436071974341757595539093017578125, -0.02090927027165889739990234375, 1, },
			{ 0.999979794025421142578125, -0.0000000000395614652148879031301476061344146728515625, 0.0063561457209289073944091796875, 0, 0.00000000003962619121722354975645430386066436767578125, 1, -0.0000000000100630614952024188823997974395751953125, 0, -0.006356142461299896240234375, 0.000000000010314859209825666397364329895935952663421630859375, 0.999979794025421142578125, 0, -0.07359375059604644775390625, 0.0000000762939436071974341757595539093017578125, -0.01882404275238513946533203125, 1, },
			{ 0.9999887943267822265625, -0.000000000029368063536594490869902074337005615234375, 0.00471743009984493255615234375, 0, 0.0000000000294038127179874209105037152767181396484375, 1, -0.000000000007492673148590256460011005401611328125, 0, -0.004717427305877208709716796875, 0.000000000007631673071273326058872044086456298828125, 0.9999887943267822265625, 0, -0.07512359321117401123046875, 0.0000000762939436071974341757595539093017578125, -0.01665439642965793609619140625, 1, },
			{ 0.999995410442352294921875, -0.000000000018827162051593404612503945827484130859375, 0.00302355806343257427215576171875, 0, 0.00000000001884170597321599416318349540233612060546875, 1, -0.00000000000481836792687317938543856143951416015625, 0, -0.00302355666644871234893798828125, 0.000000000004875655434943837462924420833587646484375, 0.999995410442352294921875, 0, -0.074750363826751708984375, 0.0000000762939436071974341757595539093017578125, -0.014408645220100879669189453125, 1, },
			{ 0.99999916553497314453125, -0.00000000000797750754344406232121400535106658935546875, 0.00128086353652179241180419921875, 0, 0.00000000000798017207870316269691102206707000732421875, 1, -0.0000000000020481394358284887857735157012939453125, 0, -0.0012808628380298614501953125, 0.000000000002058353487655040225945413112640380859375, 0.99999916553497314453125, 0, -0.07437713444232940673828125, 0.0000000762939436071974341757595539093017578125, -0.012095985002815723419189453125, 1, },
			{ 0.99999988079071044921875, 0.00000000000314026582515225527458824217319488525390625, -0.000504090799950063228607177734375, 0, -0.00000000000313982173594240521197207272052764892578125, 1, 0.0000000000008086863969268553997693516066647134721279144287109375, 0, 0.000504090567119419574737548828125, -0.00000000000080735418350741383619606494903564453125, 0.99999988079071044921875, 0, -0.0740039050579071044921875, 0.0000000762939436071974341757595539093017578125, -0.0097254179418087005615234375, 1, },
			{ 0.99999725818634033203125, 0.0000000000144824152670253170072101056575775146484375, -0.002324235625565052032470703125, 0, -0.000000000014473865682373965313445296487770974636077880859375, 1, 0.000000000003742339771406477666459977626800537109375, 0, 0.00232423446141183376312255859375, -0.0000000000037090330806677229702472686767578125, 0.99999725818634033203125, 0, -0.07363067567348480224609375, 0.0000000762939436071974341757595539093017578125, -0.007305984385311603546142578125, 1, },
			{ 0.99999129772186279296875, 0.00000000002600519626028141573215179960243403911590576171875, -0.004172471351921558380126953125, 0, -0.0000000000259772203747843377641402184963226318359375, 1, 0.000000000006742606473153500701300799846649169921875, 0, 0.004172469489276409149169921875, -0.000000000006634248705950085422955453395843505859375, 0.99999129772186279296875, 0, -0.0732574462890625, 0.0000000762939436071974341757595539093017578125, -0.004847564734518527984619140625, 1, },
			{ 0.999981701374053955078125, 0.0000000000376603193075197850703261792659759521484375, -0.0060410671867430210113525390625, 0, -0.000000000037601921576424501836299896240234375, 1, 0.000000000009797052058502231375314295291900634765625, 0, 0.0060410643927752971649169921875, -0.00000000000957012247226884937845170497894287109375, 0.999981701374053955078125, 0, -0.072884522378444671630859375, 0.0000000762939436071974341757595539093017578125, -0.00236007687635719776153564453125, 1, },
			{ 0.999968588352203369140625, 0.0000000000493994810335518508281893446110188961029052734375, -0.007922220043838024139404296875, 0, -0.0000000000492988948275208116456269635818898677825927734375, 1, 0.000000000012894573429844680134692680439911782741546630859375, 0, 0.007922216318547725677490234375, -0.0000000000125037757925383630208671092987060546875, 0.999968588352203369140625, 0, -0.072511292994022369384765625, 0.0000000762939436071974341757595539093017578125, 0.000147171012940816581249237060546875, 1, },
			{ 0.999951899051666259765625, 0.00000000006117328865684612537734210491180419921875, -0.009808017872273921966552734375, 0, -0.000000000061019189701028153649531304836273193359375, 1, 0.000000000016021406423760709003545343875885009765625, 0, 0.009808012284338474273681640625, -0.000000000015422330079672974534332752227783203125, 0.999951899051666259765625, 0, -0.072138063609600067138671875, 0.0000000762939436071974341757595539093017578125, 0.00266387942247092723846435546875, 1, },
			{ 0.99993169307708740234375, 0.00000000007292921821999698295257985591888427734375, -0.0116900317370891571044921875, 0, -0.000000000072710275300646998175579938106238842010498046875, 1, 0.00000000001916422402714612616136946598999202251434326171875, 0, 0.01169002614915370941162109375, -0.00000000001831335083579688216559588909149169921875, 0.99993169307708740234375, 0, -0.07176482677459716796875, 0.0000000762939436071974341757595539093017578125, 0.0051808166317641735076904296875, 1, },
			{ 0.999907970428466796875, 0.000000000084616313955621080822311341762542724609375, -0.013560108840465545654296875, 0, -0.00000000008432154974258310176082886755466461181640625, 1, 0.00000000002230881972209441954646536032669246196746826171875, 0, 0.01356010325253009796142578125, -0.000000000021163515384614584036171436309814453125, 0.999907970428466796875, 0, -0.07139159739017486572265625, 0.0000000762939436071974341757595539093017578125, 0.0076868436299264430999755859375, 1, },
			{ 0.999881207942962646484375, 0.000000000096180723108130194987097638659179210662841796875, -0.015409707091748714447021484375, 0, -0.00000000009580014559418259523226879537105560302734375, 1, 0.000000000025440538564680537092499434947967529296875, 0, 0.015409699641168117523193359375, -0.0000000000239612774066699785180389881134033203125, 0.999881207942962646484375, 0, -0.0710183680057525634765625, 0.0000000762939436071974341757595539093017578125, 0.0101733393967151641845703125, 1, },
			{ 0.999851524829864501953125, 0.000000000107570723162364600966611760668456554412841796875, -0.0172305218875408172607421875, 0, -0.0000000001070947774906017002649605274200439453125, 1, 0.0000000000285442780523226247169077396392822265625, 0, 0.0172305144369602203369140625, -0.000000000026694646493297113920561969280242919921875, 0.999851524829864501953125, 0, -0.07064513862133026123046875, 0.0000000762939436071974341757595539093017578125, 0.012629547156393527984619140625, 1, },
			{ 0.999819219112396240234375, 0.0000000001187328013685373662156052887439727783203125, -0.01901410706341266632080078125, 0, -0.0000000001181532649496830345015041530132293701171875, 1, 0.000000000031604940886609256267547607421875, 0, 0.019014097750186920166015625, -0.00000000002935252041424973867833614349365234375, 0.999819219112396240234375, 0, -0.070271909236907958984375, 0.0000000762939436071974341757595539093017578125, 0.01504638604819774627685546875, 1, },
			{ 0.999784648418426513671875, 0.00000000012961398621058606295264326035976409912109375, -0.0207520164549350738525390625, 0, -0.00000000012892364953387414061580784618854522705078125, 1, 0.00000000003460609576677597942762076854705810546875, 0, 0.020752005279064178466796875, -0.0000000000319229087608619011007249355316162109375, 0.999784648418426513671875, 0, -0.06989867985248565673828125, 0.0000000762939436071974341757595539093017578125, 0.01741401664912700653076171875, 1, },
			{ 0.99974822998046875, 0.00000000014016376947978415046236477792263031005859375, -0.02243624068796634674072265625, 0, -0.0000000001393567483631841241731308400630950927734375, 1, 0.000000000037532199570478042005561292171478271484375, 0, 0.02243622951209545135498046875, -0.00000000003439648565972674987278878688812255859375, 0.99974822998046875, 0, -0.0695254504680633544921875, 0.0000000762939436071974341757595539093017578125, 0.01972289942204952239990234375, 1, },
			{ 0.999710500240325927734375, 0.00000000015033074785009148399694822728633880615234375, -0.0240586735308170318603515625, 0, -0.00000000014940282344610977816046215593814849853515625, 1, 0.000000000040368153264580541872419416904449462890625, 0, 0.02405866421759128570556640625, -0.000000000036762148880598033429123461246490478515625, 0.999710500240325927734375, 0, -0.069152526557445526123046875, 0.0000000762939436071974341757595539093017578125, 0.02196449227631092071533203125, 1, },
			{ 0.99967193603515625, 0.0000000001600655163969122440903447568416595458984375, -0.02561149932444095611572265625, 0, -0.00000000015901380212568483329960145056247711181640625, 1, 0.000000000043097525548319026711396872997283935546875, 0, 0.0256114862859249114990234375, -0.0000000000390110131698317985637913807295262813568115234375, 0.99967193603515625, 0, -0.068779297173023223876953125, 0.0000000762939436071974341757595539093017578125, 0.02412948571145534515380859375, 1, },
			{ 0.999633014202117919921875, 0.000000000169321001664002324105240404605865478515625, -0.027087308466434478759765625, 0, -0.0000000001681446093471095082350075244903564453125, 1, 0.0000000000457052139191116424399297102354466915130615234375, 0, 0.02708729542791843414306640625, -0.00000000004113420715157189988531172275543212890625, 0.999633014202117919921875, 0, -0.068406067788600921630859375, 0.0000000762939436071974341757595539093017578125, 0.02620933391153812408447265625, 1, },
			{ 0.999594390392303466796875, 0.00000000017805144858495935977771296165883541107177734375, -0.0284788869321346282958984375, 0, -0.00000000017675104435621591392191476188600063323974609375, 1, 0.000000000048177017930584042915143072605133056640625, 0, 0.0284788720309734344482421875, -0.00000000004312372681170018040575087070465087890625, 0.999594390392303466796875, 0, -0.068032838404178619384765625, 0.0000000762939436071974341757595539093017578125, 0.02819625847041606903076171875, 1, },
			{ 0.999556481838226318359375, 0.00000000018621426622900116853998042643070220947265625, -0.0297795273363590240478515625, 0, -0.00000000018479229257906126804300583899021148681640625, 1, 0.000000000050497828141260470147244632244110107421875, 0, 0.02977951429784297943115234375, -0.000000000044972470192305991076864302158355712890625, 0.999556481838226318359375, 0, -0.067659609019756317138671875, 0.0000000762939436071974341757595539093017578125, 0.03008201532065868377685546875, 1, },
			{ 0.999519884586334228515625, 0.000000000193769000844667971250601112842559814453125, -0.03098291717469692230224609375, 0, -0.00000000019222988478784230892415507696568965911865234375, 1, 0.0000000000526547659640552723203654750250279903411865234375, 0, 0.03098290227353572845458984375, -0.000000000046673331866031730896793305873870849609375, 0.999519884586334228515625, 0, -0.06728637218475341796875, 0.0000000762939436071974341757595539093017578125, 0.031858824193477630615234375, 1, },
			{ 0.99948513507843017578125, 0.0000000002006774746377004703390412032604217529296875, -0.0320830233395099639892578125, 0, -0.000000000199027017089292712626047432422637939453125, 1, 0.00000000005463451913101380341686308383941650390625, 0, 0.0320830084383487701416015625, -0.0000000000482205352037023970979134901426732540130615234375, 0.99948513507843017578125, 0, -0.065250851213932037353515625, 0.0000000762939436071974341757595539093017578125, 0.0335208140313625335693359375, 1, },
			{ 0.9994528293609619140625, 0.00000000020690614499496717826332314871251583099365234375, -0.0330746360123157501220703125, 0, -0.00000000020515221466066435596076189540326595306396484375, 1, 0.0000000000564250833556823039316441281698644161224365234375, 0, 0.033074624836444854736328125, -0.000000000049608761543140644789673388004302978515625, 0.9994528293609619140625, 0, -0.063215635716915130615234375, 0.0000000762939436071974341757595539093017578125, 0.035060651600360870361328125, 1, },
			{ 0.99942338466644287109375, 0.00000000021242484160577390639446093700826168060302734375, -0.033952988684177398681640625, 0, -0.00000000021057643129207548327030963264405727386474609375, 1, 0.0000000000580166990837849283479954465292394161224365234375, 0, 0.033952973783016204833984375, -0.0000000000508335561144601655314545496366918087005615234375, 0.99942338466644287109375, 0, -0.061180420219898223876953125, 0.0000000762939436071974341757595539093017578125, 0.0364721678197383880615234375, 1, },
			{ 0.999397218227386474609375, 0.00000000021720503173838778820936568081378936767578125, -0.0347136445343494415283203125, 0, -0.00000000021527278570854235795195563696324825286865234375, 1, 0.000000000059398701235391371255900594405829906463623046875, 0, 0.0347136296331882476806640625, -0.0000000000518896002554836144327055080793797969818115234375, 0.999397218227386474609375, 0, -0.0591448955237865447998046875, 0.0000000762939436071974341757595539093017578125, 0.0376805104315280914306640625, 1, },
			{ 0.999374866485595703125, 0.00000000022122481624364809249527752399444580078125, -0.0353531725704669952392578125, 0, -0.00000000021922062776180695209404802881181240081787109375, 1, 0.000000000060563554171721989405341446399688720703125, 0, 0.0353531539440155029296875, -0.000000000052775561698581441305577754974365234375, 0.999374866485595703125, 0, -0.0568353272974491119384765625, 0.0000000762939436071974341757595539093017578125, 0.0388887785375118255615234375, 1, },
			{ 0.9993565082550048828125, 0.00000000022446389191799198670196346938610076904296875, -0.0358684360980987548828125, 0, -0.00000000022240087549363352081854827702045440673828125, 1, 0.00000000006150369102897457196377217769622802734375, 0, 0.0358684174716472625732421875, -0.0000000000534869891433142896630670293234288692474365234375, 0.9993565082550048828125, 0, -0.05452544987201690673828125, 0.0000000762939436071974341757595539093017578125, 0.0398109443485736846923828125, 1, },
			{ 0.999342441558837890625, 0.00000000022690749279519195624743588268756866455078125, -0.0362571179866790771484375, 0, -0.00000000022479962336063863403978757560253143310546875, 1, 0.00000000006221423376473467214964330196380615234375, 0, 0.0362570993602275848388671875, -0.000000000054023008289050267194397747516632080078125, 0.999342441558837890625, 0, -0.052215881645679473876953125, 0.0000000762939436071974341757595539093017578125, 0.0407331846654415130615234375, 1, },
			{ 0.999332964420318603515625, 0.00000000022854573789032883723848499357700347900390625, -0.036517657339572906494140625, 0, -0.00000000022640732344481051541151828132569789886474609375, 1, 0.00000000006269118557611363939940929412841796875, 0, 0.0365176387131214141845703125, -0.0000000000543813848119523157720323069952428340911865234375, 0.999332964420318603515625, 0, -0.0497619621455669403076171875, 0.0000000762939436071974341757595539093017578125, 0.0412771590054035186767578125, 1, },
			{ 0.999328196048736572265625, 0.00000000022937084176444244576487108133733272552490234375, -0.0366488657891750335693359375, 0, -0.00000000022721700909666964207644923590123653411865234375, 1, 0.000000000062931437838642523274756968021392822265625, 0, 0.0366488508880138397216796875, -0.00000000005456168850059839314781129360198974609375, 0.999328196048736572265625, 0, -0.047308348119258880615234375, 0.0000000762939436071974341757595539093017578125, 0.0418210588395595550537109375, 1, },
			{ 0.999328136444091796875, 0.00000000022938094479396653468938893638551235198974609375, -0.0366504974663257598876953125, 0, -0.00000000022722700110389126848531304858624935150146484375, 1, 0.000000000062934102373901623650453984737396240234375, 0, 0.036650478839874267578125, -0.0000000000545639054772006915072779520414769649505615234375, 0.999328136444091796875, 0, -0.0448544286191463470458984375, 0.0000000762939436071974341757595539093017578125, 0.042365036904811859130859375, 1, },
			{ 0.99933278560638427734375, 0.00000000022857769843565023393239243887364864349365234375, -0.036522753536701202392578125, 0, -0.00000000022643885377870986985726631246507167816162109375, 1, 0.000000000062700511449520490714348852634429931640625, 0, 0.036522738635540008544921875, -0.000000000054388493708756868727505207061767578125, 0.99933278560638427734375, 0, -0.04234252870082855224609375, 0.0000000762939436071974341757595539093017578125, 0.0421253181993961334228515625, 1, },
			{ 0.99934208393096923828125, 0.00000000022696909629527084462097263894975185394287109375, -0.0362669043242931365966796875, 0, -0.00000000022486001949317824255558662116527557373046875, 1, 0.00000000006223199733312867465429008007049560546875, 0, 0.0362668894231319427490234375, -0.0000000000540363274958988171192686422728002071380615234375, 0.99934208393096923828125, 0, -0.039830930531024932861328125, 0.0000000762939436071974341757595539093017578125, 0.0418856032192707061767578125, 1, },
