function data()
return {
	times = { 0, 41.667, 83.333, 125, 166.667, 208.333, 250, 291.667, 333.333, 375, 416.667, 458.333, 500, 541.667, 583.333, 625, 666.667, 708.333, 750, 791.667, 833.333, 875, 916.667, 958.333, 1000, 1041.667, 1083.333, 1125, 1166.667, 1208.333, 1250, 1291.667, 1333.333, 1375, 1416.667, 1458.333, 1500, 1541.667, 1583.333, 1625, 1666.667, 1708.333, 1750, 1791.667, 1833.333, 1916.667, 1958.333, 2000, 2041.667, 2083.333, 2125, 2166.667, 2208.333, 2250, 2291.667, 2333.333, 2375, 2416.667, 2458.333, 2500, 2541.667, 2583.333, 2625, 2666.667, 2708.333, 2750, 2791.667, 2833.333, 2875, 2916.667, 2958.333, 3000, 3041.667, 3083.333, 3125, 3166.667, 3208.333, 3250, 3291.667, 3333.333, 3375, 3416.667, 3458.333, 3500, 3541.667, 3583.333, 3625, 3666.667, 3708.333, 3750, 3791.667, 3833.333, 3875, 3916.667, 3958.333, 4000, 4041.667, 4083.333, 4125, 4166.667, },
	transfs = {
		{ 1, 0, 0, 0, 0, 1, 0, 0, 0, 0, 1, 0, 0, 0, 0, 1, },
		{ 0.99999809265137, 0, -0.001923726638779, 0, 0, 1, 0, 0, 0.001923726638779, 0, 0.99999809265137, 0, 0, 0, 0, 1, },
		{ 0.99997621774673, 0, -0.0068906098604202, 0, 0, 1, 0, 0, 0.0068906098604202, 0, 0.99997621774673, 0, 0, 0, 0, 1, },
		{ 0.99990618228912, 0, -0.013694008812308, 0, 0, 1, 0, 0, 0.013694008812308, 0, 0.99990618228912, 0, 0, 0, 0, 1, },
		{ 0.99977672100067, 0, -0.021127102896571, 0, 0, 1, 0, 0, 0.021127102896571, 0, 0.99977672100067, 0, 0, 0, 0, 1, },
		{ 0.99960833787918, 0, -0.027983352541924, 0, 0, 1, 0, 0, 0.027983352541924, 0, 0.99960833787918, 0, 0, 0, 0, 1, },
		{ 0.99944275617599, 0, -0.033378377556801, 0, 0, 1, 0, 0, 0.033378377556801, 0, 0.99944275617599, 0, 0, 0, 0, 1, },
		{ 0.99928855895996, 0, -0.037713676691055, 0, 0, 1, 0, 0, 0.037713676691055, 0, 0.99928855895996, 0, 0, 0, 0, 1, },
		{ 0.99912965297699, 0, -0.041711755096912, 0, 0, 1, 0, 0, 0.041711755096912, 0, 0.99912965297699, 0, 0, 0, 0, 1, },
		{ 0.99893707036972, 0, -0.046094719320536, 0, 0, 1, 0, 0, 0.046094719320536, 0, 0.99893707036972, 0, 0, 0, 0, 1, },
		{ 0.9986686706543, 0, -0.051584035158157, 0, 0, 1, 0, 0, 0.051584035158157, 0, 0.9986686706543, 0, 0, 0, 0, 1, },
		{ 0.99827635288239, 0, -0.058687355369329, 0, 0, 1, 0, 0, 0.058687355369329, 0, 0.99827635288239, 0, 0, 0, 0, 1, },
		{ 0.99774897098541, 0, -0.067059859633446, 0, 0, 1, 0, 0, 0.067059859633446, 0, 0.99774897098541, 0, 0, 0, 0, 1, },
		{ 0.99709683656693, 0, -0.076144158840179, 0, 0, 1, 0, 0, 0.076144158840179, 0, 0.99709683656693, 0, 0, 0, 0, 1, },
		{ 0.99634808301926, 0, -0.085383713245392, 0, 0, 1, 0, 0, 0.085383713245392, 0, 0.99634808301926, 0, 0, 0, 0, 1, },
		{ 0.99555104970932, 0, -0.094223409891129, 0, 0, 1, 0, 0, 0.094223409891129, 0, 0.99555104970932, 0, 0, 0, 0, 1, },
		{ 0.99476075172424, 0, -0.10223030298948, 0, 0, 1, 0, 0, 0.10223030298948, 0, 0.99476075172424, 0, 0, 0, 0, 1, },
		{ 0.99399185180664, 0, -0.1094538718462, 0, 0, 1, 0, 0, 0.1094538718462, 0, 0.99399185180664, 0, 0, 0, 0, 1, },
		{ 0.99324172735214, 0, -0.11606373637915, 0, 0, 1, 0, 0, 0.11606373637915, 0, 0.99324172735214, 0, 0, 0, 0, 1, },
		{ 0.99250191450119, 0, -0.12222896516323, 0, 0, 1, 0, 0, 0.12222896516323, 0, 0.99250191450119, 0, 0, 0, 0, 1, },
		{ 0.99175888299942, 0, -0.12811809778214, 0, 0, 1, 0, 0, 0.12811809778214, 0, 0.99175888299942, 0, 0, 0, 0, 1, },
		{ 0.99099624156952, 0, -0.13388964533806, 0, 0, 1, 0, 0, 0.13388964533806, 0, 0.99099624156952, 0, 0, 0, 0, 1, },
		{ 0.99019920825958, 0, -0.13966205716133, 0, 0, 1, 0, 0, 0.13966205716133, 0, 0.99019920825958, 0, 0, 0, 0, 1, },
		{ 0.98935180902481, 0, -0.14554381370544, 0, 0, 1, 0, 0, 0.14554381370544, 0, 0.98935180902481, 0, 0, 0, 0, 1, },
		{ 0.98843538761139, 0, -0.1516427397728, 0, 0, 1, 0, 0, 0.1516427397728, 0, 0.98843538761139, 0, 0, 0, 0, 1, },
		{ 0.98742842674255, 0, -0.15806652605534, 0, 0, 1, 0, 0, 0.15806652605534, 0, 0.98742842674255, 0, 0, 0, 0, 1, },
		{ 0.98631477355957, 0, -0.16487318277359, 0, 0, 1, 0, 0, 0.16487318277359, 0, 0.98631477355957, 0, 0, 0, 0, 1, },
		{ 0.98510998487473, 0, -0.17192482948303, 0, 0, 1, 0, 0, 0.17192482948303, 0, 0.98510998487473, 0, 0, 0, 0, 1, },
		{ 0.98384255170822, 0, -0.17903539538383, 0, 0, 1, 0, 0, 0.17903539538383, 0, 0.98384255170822, 0, 0, 0, 0, 1, },
		{ 0.98254597187042, 0, -0.18601979315281, 0, 0, 1, 0, 0, 0.18601979315281, 0, 0.98254597187042, 0, 0, 0, 0, 1, },
		{ 0.98125886917114, 0, -0.19269378483295, 0, 0, 1, 0, 0, 0.19269378483295, 0, 0.98125886917114, 0, 0, 0, 0, 1, },
		{ 0.9800164103508, 0, -0.19891664385796, 0, 0, 1, 0, 0, 0.19891664385796, 0, 0.9800164103508, 0, 0, 0, 0, 1, },
		{ 0.97882068157196, 0, -0.20471951365471, 0, 0, 1, 0, 0, 0.20471951365471, 0, 0.97882068157196, 0, 0, 0, 0, 1, },
		{ 0.97766357660294, 0, -0.21017554402351, 0, 0, 1, 0, 0, 0.21017554402351, 0, 0.97766357660294, 0, 0, 0, 0, 1, },
		{ 0.97653520107269, 0, -0.21535766124725, 0, 0, 1, 0, 0, 0.21535766124725, 0, 0.97653520107269, 0, 0, 0, 0, 1, },
		{ 0.97542351484299, 0, -0.2203383743763, 0, 0, 1, 0, 0, 0.2203383743763, 0, 0.97542351484299, 0, 0, 0, 0, 1, },
		{ 0.97431999444962, 0, -0.22516775131226, 0, 0, 1, 0, 0, 0.22516775131226, 0, 0.97431999444962, 0, 0, 0, 0, 1, },
		{ 0.9732363820076, 0, -0.22980633378029, 0, 0, 1, 0, 0, 0.22980633378029, 0, 0.9732363820076, 0, 0, 0, 0, 1, },
		{ 0.9721902012825, 0, -0.23419277369976, 0, 0, 1, 0, 0, 0.23419277369976, 0, 0.9721902012825, 0, 0, 0, 0, 1, },
		{ 0.9711999297142, 0, -0.23826591670513, 0, 0, 1, 0, 0, 0.23826591670513, 0, 0.9711999297142, 0, 0, 0, 0, 1, },
		{ 0.9702849984169, 0, -0.24196468293667, 0, 0, 1, 0, 0, 0.24196468293667, 0, 0.9702849984169, 0, 0, 0, 0, 1, },
		{ 0.96946710348129, 0, -0.24522104859352, 0, 0, 1, 0, 0, 0.24522104859352, 0, 0.96946710348129, 0, 0, 0, 0, 1, },
		{ 0.96877616643906, 0, -0.24793687462807, 0, 0, 1, 0, 0, 0.24793687462807, 0, 0.96877616643906, 0, 0, 0, 0, 1, },
		{ 0.96824395656586, 0, -0.25000730156898, 0, 0, 1, 0, 0, 0.25000730156898, 0, 0.96824395656586, 0, 0, 0, 0, 1, },
		{ 0.96790224313736, 0, -0.25132685899734, 0, 0, 1, 0, 0, 0.25132685899734, 0, 0.96790224313736, 0, 0, 0, 0, 1, },
		{ 0.96789979934692, 0, -0.2513362467289, 0, 0, 1, 0, 0, 0.2513362467289, 0, 0.96789979934692, 0, 0, 0, 0, 1, },
		{ 0.96819454431534, 0, -0.25019830465317, 0, 0, 1, 0, 0, 0.25019830465317, 0, 0.96819454431534, 0, 0, 0, 0, 1, },
		{ 0.96857714653015, 0, -0.24871307611465, 0, 0, 1, 0, 0, 0.24871307611465, 0, 0.96857714653015, 0, 0, 0, 0, 1, },
		{ 0.96896004676819, 0, -0.24721741676331, 0, 0, 1, 0, 0, 0.24721741676331, 0, 0.96896004676819, 0, 0, 0, 0, 1, },
		{ 0.96925747394562, 0, -0.24604867398739, 0, 0, 1, 0, 0, 0.24604867398739, 0, 0.96925747394562, 0, 0, 0, 0, 1, },
		{ 0.96941924095154, 0, -0.24541036784649, 0, 0, 1, 0, 0, 0.24541036784649, 0, 0.96941924095154, 0, 0, 0, 0, 1, },
		{ 0.96953094005585, 0, -0.24496887624264, 0, 0, 1, 0, 0, 0.24496887624264, 0, 0.96953094005585, 0, 0, 0, 0, 1, },
		{ 0.96971076726913, 0, -0.24425603449345, 0, 0, 1, 0, 0, 0.24425603449345, 0, 0.96971076726913, 0, 0, 0, 0, 1, },
		{ 0.97007554769516, 0, -0.24280308187008, 0, 0, 1, 0, 0, 0.24280308187008, 0, 0.97007554769516, 0, 0, 0, 0, 1, },
		{ 0.97073811292648, 0, -0.24014054238796, 0, 0, 1, 0, 0, 0.24014054238796, 0, 0.97073811292648, 0, 0, 0, 0, 1, },
		{ 0.97176742553711, 0, -0.23594081401825, 0, 0, 1, 0, 0, 0.23594081401825, 0, 0.97176742553711, 0, 0, 0, 0, 1, },
		{ 0.97308403253555, 0, -0.23045060038567, 0, 0, 1, 0, 0, 0.23045060038567, 0, 0.97308403253555, 0, 0, 0, 0, 1, },
		{ 0.97457504272461, 0, -0.22406093776226, 0, 0, 1, 0, 0, 0.22406093776226, 0, 0.97457504272461, 0, 0, 0, 0, 1, },
		{ 0.97613483667374, 0, -0.21716497838497, 0, 0, 1, 0, 0, 0.21716497838497, 0, 0.97613483667374, 0, 0, 0, 0, 1, },
		{ 0.97766733169556, 0, -0.2101581543684, 0, 0, 1, 0, 0, 0.2101581543684, 0, 0.97766733169556, 0, 0, 0, 0, 1, },
		{ 0.97910183668137, 0, -0.20337051153183, 0, 0, 1, 0, 0, 0.20337051153183, 0, 0.97910183668137, 0, 0, 0, 0, 1, },
		{ 0.98043137788773, 0, -0.19686114788055, 0, 0, 1, 0, 0, 0.19686114788055, 0, 0.98043137788773, 0, 0, 0, 0, 1, },
		{ 0.98166364431381, 0, -0.19062131643295, 0, 0, 1, 0, 0, 0.19062131643295, 0, 0.98166364431381, 0, 0, 0, 0, 1, },
		{ 0.982805788517, 0, -0.18464209139347, 0, 0, 1, 0, 0, 0.18464209139347, 0, 0.982805788517, 0, 0, 0, 0, 1, },
		{ 0.98386460542679, 0, -0.17891427874565, 0, 0, 1, 0, 0, 0.17891427874565, 0, 0.98386460542679, 0, 0, 0, 0, 1, },
		{ 0.98485153913498, 0, -0.17339929938316, 0, 0, 1, 0, 0, 0.17339929938316, 0, 0.98485153913498, 0, 0, 0, 0, 1, },
		{ 0.9857971072197, 0, -0.16794063150883, 0, 0, 1, 0, 0, 0.16794063150883, 0, 0.9857971072197, 0, 0, 0, 0, 1, },
		{ 0.98673290014267, 0, -0.16235163807869, 0, 0, 1, 0, 0, 0.16235163807869, 0, 0.98673290014267, 0, 0, 0, 0, 1, },
		{ 0.98768657445908, 0, -0.15644511580467, 0, 0, 1, 0, 0, 0.15644511580467, 0, 0.98768657445908, 0, 0, 0, 0, 1, },
		{ 0.98868095874786, 0, -0.15003302693367, 0, 0, 1, 0, 0, 0.15003302693367, 0, 0.98868095874786, 0, 0, 0, 0, 1, },
		{ 0.98972171545029, 0, -0.14300647377968, 0, 0, 1, 0, 0, 0.14300647377968, 0, 0.98972171545029, 0, 0, 0, 0, 1, },
		{ 0.99076700210571, 0, -0.13557539880276, 0, 0, 1, 0, 0, 0.13557539880276, 0, 0.99076700210571, 0, 0, 0, 0, 1, },
		{ 0.99177014827728, 0, -0.12803082168102, 0, 0, 1, 0, 0, 0.12803082168102, 0, 0.99177014827728, 0, 0, 0, 0, 1, },
		{ 0.99269330501556, 0, -0.12066478282213, 0, 0, 1, 0, 0, 0.12066478282213, 0, 0.99269330501556, 0, 0, 0, 0, 1, },
		{ 0.99350708723068, 0, -0.11377041041851, 0, 0, 1, 0, 0, 0.11377041041851, 0, 0.99350708723068, 0, 0, 0, 0, 1, },
		{ 0.99419987201691, 0, -0.10754789412022, 0, 0, 1, 0, 0, 0.10754789412022, 0, 0.99419987201691, 0, 0, 0, 0, 1, },
		{ 0.99480265378952, 0, -0.10182183235884, 0, 0, 1, 0, 0, 0.10182183235884, 0, 0.99480265378952, 0, 0, 0, 0, 1, },
		{ 0.99535018205643, 0, -0.09632220864296, 0, 0, 1, 0, 0, 0.09632220864296, 0, 0.99535018205643, 0, 0, 0, 0, 1, },
		{ 0.99587112665176, 0, -0.090778365731239, 0, 0, 1, 0, 0, 0.090778365731239, 0, 0.99587112665176, 0, 0, 0, 0, 1, },
		{ 0.99638783931732, 0, -0.084918983280659, 0, 0, 1, 0, 0, 0.084918983280659, 0, 0.99638783931732, 0, 0, 0, 0, 1, },
		{ 0.99690872430801, 0, -0.078568063676357, 0, 0, 1, 0, 0, 0.078568063676357, 0, 0.99690872430801, 0, 0, 0, 0, 1, },
		{ 0.99740952253342, 0, -0.071932546794415, 0, 0, 1, 0, 0, 0.071932546794415, 0, 0.99740952253342, 0, 0, 0, 0, 1, },
		{ 0.99786466360092, 0, -0.06531585007906, 0, 0, 1, 0, 0, 0.06531585007906, 0, 0.99786466360092, 0, 0, 0, 0, 1, },
		{ 0.99825662374496, 0, -0.059021834284067, 0, 0, 1, 0, 0, 0.059021834284067, 0, 0.99825662374496, 0, 0, 0, 0, 1, },
		{ 0.9985756278038, 0, -0.053354766219854, 0, 0, 1, 0, 0, 0.053354766219854, 0, 0.9985756278038, 0, 0, 0, 0, 1, },
		{ 0.99882102012634, 0, -0.048543691635132, 0, 0, 1, 0, 0, 0.048543691635132, 0, 0.99882102012634, 0, 0, 0, 0, 1, },
		{ 0.9990086555481, 0, -0.044515248388052, 0, 0, 1, 0, 0, 0.044515248388052, 0, 0.9990086555481, 0, 0, 0, 0, 1, },
		{ 0.99915415048599, 0, -0.041120253503323, 0, 0, 1, 0, 0, 0.041120253503323, 0, 0.99915415048599, 0, 0, 0, 0, 1, },
		{ 0.99926972389221, 0, -0.038209322839975, 0, 0, 1, 0, 0, 0.038209322839975, 0, 0.99926972389221, 0, 0, 0, 0, 1, },
		{ 0.99936491250992, 0, -0.03563292324543, 0, 0, 1, 0, 0, 0.03563292324543, 0, 0.99936491250992, 0, 0, 0, 0, 1, },
		{ 0.99944752454758, 0, -0.033234167844057, 0, 0, 1, 0, 0, 0.033234167844057, 0, 0.99944752454758, 0, 0, 0, 0, 1, },
		{ 0.99952471256256, 0, -0.030826957896352, 0, 0, 1, 0, 0, 0.030826957896352, 0, 0.99952471256256, 0, 0, 0, 0, 1, },
		{ 0.99960172176361, 0, -0.028217867016792, 0, 0, 1, 0, 0, 0.028217867016792, 0, 0.99960172176361, 0, 0, 0, 0, 1, },
		{ 0.99968200922012, 0, -0.025213412940502, 0, 0, 1, 0, 0, 0.025213412940502, 0, 0.99968200922012, 0, 0, 0, 0, 1, },
		{ 0.99976623058319, 0, -0.021620042622089, 0, 0, 1, 0, 0, 0.021620042622089, 0, 0.99976623058319, 0, 0, 0, 0, 1, },
		{ 0.99984890222549, 0, -0.017381269484758, 0, 0, 1, 0, 0, 0.017381269484758, 0, 0.99984890222549, 0, 0, 0, 0, 1, },
		{ 0.999915599823, 0, -0.012989057227969, 0, 0, 1, 0, 0, 0.012989057227969, 0, 0.999915599823, 0, 0, 0, 0, 1, },
		{ 0.99995881319046, 0, -0.0090726297348738, 0, 0, 1, 0, 0, 0.0090726297348738, 0, 0.99995881319046, 0, 0, 0, 0, 1, },
		{ 0.99998033046722, 0, -0.0062613021582365, 0, 0, 1, 0, 0, 0.0062613021582365, 0, 0.99998033046722, 0, 0, 0, 0, 1, },
		{ 0.99998658895493, 0, -0.0051843570545316, 0, 0, 1, 0, 0, 0.0051843570545316, 0, 0.99998658895493, 0, 0, 0, 0, 1, },
	},
}
end
