function data()
return {
	times = { 0, 41.667, 83.333, 125, 166.667, 208.333, 250, 291.667, 333.333, 375, 416.667, 458.333, 500, 541.667, 583.333, 625, 666.667, 708.333, 750, 791.667, 833.333, 875, 916.667, 958.333, 1000, 1041.667, 1083.333, 1125, 1166.667, 1208.333, 1250, 1291.667, 1333.333, 1375, 1416.667, 1458.333, 1500, 1541.667, 1583.333, 1625, 1666.667, 1708.333, 1750, 1791.667, 1833.333, 1875, 1916.667, 1958.333, 2000, 2041.667, 2083.333, 2125, 2166.667, 2208.333, 2250, 2291.667, 2333.333, 2375, 2416.667, 2458.333, 2500, 2541.667, 2583.333, 2625, 2666.667, 2708.333, 2750, 2791.667, 2833.333, 2875, 2916.667, 2958.333, 3000, 3041.667, 3083.333, 3125, 3166.667, 3208.333, 3250, 3291.667, 3333.333, 3375, 3416.667, 3458.333, 3500, 3541.667, 3583.333, 3625, 3666.667, 3708.333, 3750, 3791.667, 3833.333, 3875, 3916.667, 3958.333, 4000, 4041.667, 4083.333, 4125, 4166.667, },
	transfs = {
		{ 1, 0, 2.9802322387695e-08, 0, 0, 1, 0, 0, -2.9802322387695e-08, 8.8817841970013e-16, 1, 0, 6.1035154885758e-07, -4.7683714754498e-09, 0, 1, },
		{ 0.99999022483826, 3.4074076893376e-11, -0.0044210851192474, 0, -3.4706456458755e-11, 1, -1.4210232990308e-10, 0, 0.0044210851192474, 1.4225509659127e-10, 0.99999022483826, 0, 6.1035154885758e-07, -4.7683714754498e-09, 0, 1, },
		{ 0.99987041950226, 1.2106225744102e-10, -0.016099870204926, 0, -1.2940049032295e-10, 1, -5.1674842183047e-10, 0, 0.016099870204926, 5.1876586359967e-10, 0.99987041950226, 0, 6.1035154885758e-07, -4.7683714754498e-09, 0, 1, },
		{ 0.99946659803391, 2.3686652639299e-10, -0.032656818628311, 0, -2.7117152967548e-10, 1, -1.0460636801213e-09, 0, 0.032656818628311, 1.0543627082527e-09, 0.99946659803391, 0, 6.1035154885758e-07, -4.7683714754498e-09, 0, 1, },
		{ 0.99866223335266, 3.5918643059851e-10, -0.051708459854126, 0, -4.4522963094096e-10, 1, -1.6524923651673e-09, 0, 0.051708459854126, 1.6733037178085e-09, 0.99866223335266, 0, 6.1035154885758e-07, -4.7683714754498e-09, 0, 1, },
		{ 0.99748539924622, 4.7040060735526e-10, -0.070871978998184, 0, -6.3213789758265e-10, 1, -2.259619824585e-09, 0, 0.070871978998184, 2.2987394210361e-09, 0.99748539924622, 0, 6.1035154885758e-07, -4.7683714754498e-09, 0, 1, },
		{ 0.99609762430191, 5.6100901701939e-10, -0.088258385658264, 0, -8.1200818291549e-10, 1, -2.8079547575999e-09, 0, 0.088258385658264, 2.8686644171216e-09, 0.99609762430191, 0, 6.1035154885758e-07, -4.7683714754498e-09, 0, 1, },
		{ 0.99458509683609, 6.3423399865314e-10, -0.1039257273078, 0, -9.8251362601331e-10, 1, -3.3000384647153e-09, 0, 0.1039257273078, 3.3842773028425e-09, 0.99458509683609, 0, 6.1035154885758e-07, -4.7683714754498e-09, 0, 1, },
		{ 0.99296391010284, 6.9481842501773e-10, -0.11841731518507, 0, -1.1473700878284e-09, 1, -3.7534642061132e-09, 0, 0.11841731518507, 3.8629228704679e-09, 0.99296391010284, 0, 6.1035154885758e-07, -4.7683714754498e-09, 0, 1, },
		{ 0.9912132024765, 7.4630429613975e-10, -0.13227413594723, 0, -1.3114558328198e-09, 1, -4.1854697485633e-09, 0, 0.13227413594723, 4.3221639600688e-09, 0.9912132024765, 0, 6.1035154885758e-07, -4.7683714754498e-09, 0, 1, },
		{ 0.9892795085907, 7.9114664819357e-10, -0.14603412151337, 0, -1.4806680326274e-09, 1, -4.6129366992886e-09, 0, 0.14603412151337, 4.7797130697802e-09, 0.9892795085907, 0, 6.1035154885758e-07, -4.7683714754498e-09, 0, 1, },
		{ 0.98710608482361, 8.30407687058e-10, -0.16006770730019, 0, -1.6597282437303e-09, 1, -5.047338547115e-09, 0, 0.16006770730019, 5.2479274259554e-09, 0.98710608482361, 0, 6.1035154885758e-07, -4.7683714754498e-09, 0, 1, },
		{ 0.98472964763641, 8.6306073399101e-10, -0.17409060895443, 0, -1.8452226413501e-09, 1, -5.4798166004844e-09, 0, 0.17409060895443, 5.7173741296879e-09, 0.98472964763641, 0, 6.1035154885758e-07, -4.7683714754498e-09, 0, 1, },
		{ 0.98223441839218, 8.8834894995671e-10, -0.18765789270401, 0, -2.0309940396146e-09, 1, -5.8967204452642e-09, 0, 0.18765789270401, 6.1730940359439e-09, 0.98223441839218, 0, 6.1035154885758e-07, -4.7683714754498e-09, 0, 1, },
		{ 0.97972846031189, 9.0632562566029e-10, -0.2003298997879, 0, -2.2101573904365e-09, 1, -6.2847496096197e-09, 0, 0.2003298997879, 6.6001071274968e-09, 0.97972846031189, 0, 6.1035154885758e-07, -4.7683714754498e-09, 0, 1, },
		{ 0.97734087705612, 9.177618665035e-10, -0.21167162060738, 0, -2.3751631772484e-09, 1, -6.6309171486978e-09, 0, 0.21167162060738, 6.9834191762652e-09, 0.97734087705612, 0, 6.1035154885758e-07, -4.7683714754498e-09, 0, 1, },
		{ 0.97518730163574, 9.2403240614658e-10, -0.22138105332851, 0, -2.5199378139718e-09, 1, -6.9264123325752e-09, 0, 0.22138105332851, 7.3124151178661e-09, 0.97518730163574, 0, 6.1035154885758e-07, -4.7683714754498e-09, 0, 1, },
		{ 0.9732683300972, 9.2679641738869e-10, -0.22967094182968, 0, -2.6461322022442e-09, 1, -7.1780790200648e-09, 0, 0.22967094182968, 7.5939379229339e-09, 0.9732683300972, 0, 6.1035154885758e-07, -4.7683714754498e-09, 0, 1, },
		{ 0.97153902053833, 9.2725827016693e-10, -0.23687982559204, 0, -2.7578241912352e-09, 1, -7.3964590008302e-09, 0, 0.23687982559204, 7.8392217162104e-09, 0.97153902053833, 0, 6.1035154885758e-07, -4.7683714754498e-09, 0, 1, },
		{ 0.96994024515152, 9.2612140178971e-10, -0.24334336817265, 0, -2.8595135148635e-09, 1, -7.591885342606e-09, 0, 0.24334336817265, 8.0595174978271e-09, 0.96994024515152, 0, 6.1035154885758e-07, -4.7683714754498e-09, 0, 1, },
		{ 0.96840196847916, 9.2371976734285e-10, -0.24939459562302, 0, -2.9560496273007e-09, 1, -7.774521471049e-09, 0, 0.24939459562302, 8.2660847056104e-09, 0.96840196847916, 0, 6.1035154885758e-07, -4.7683714754498e-09, 0, 1, },
		{ 0.96687906980515, 9.2017060637772e-10, -0.2552350461483, 0, -3.050453889486e-09, 1, -7.9504998140578e-09, 0, 0.2552350461483, 8.4657534316079e-09, 0.96687906980515, 0, 6.1035154885758e-07, -4.7683714754498e-09, 0, 1, },
		{ 0.96546083688736, 9.1589313910845e-10, -0.26054832339287, 0, -3.1373941222768e-09, 1, -8.1103381788239e-09, 0, 0.26054832339287, 8.6476559246762e-09, 0.96546083688736, 0, 6.1035154885758e-07, -4.7683714754498e-09, 0, 1, },
		{ 0.96427834033966, 9.116440935486e-10, -0.26489070057869, 0, -3.2091946877699e-09, 1, -8.2407902723958e-09, 0, 0.26489070057869, 8.7964995287848e-09, 0.96427834033966, 0, 6.1035154885758e-07, -4.7683714754498e-09, 0, 1, },
		{ 0.96346884965897, 9.0840046595986e-10, -0.2678202688694, 0, -3.2580105280289e-09, 1, -8.3287057250914e-09, 0, 0.2678202688694, 8.8970084632933e-09, 0.96346884965897, 0, 6.1035154885758e-07, -4.7683714754498e-09, 0, 1, },
		{ 0.96316945552826, 9.071285389517e-10, -0.26889517903328, 0, -3.2760052448566e-09, 1, -8.3609430490128e-09, 0, 0.26889517903328, 8.9339069475614e-09, 0.96316945552826, 0, 6.1035154885758e-07, -4.7683714754498e-09, 0, 1, },
		{ 0.96338653564453, 9.0805585273301e-10, -0.26811647415161, 0, -3.2629665636108e-09, 1, -8.3375892856452e-09, 0, 0.26811647415161, 8.9071763298421e-09, 0.96338653564453, 0, 6.1035154885758e-07, -4.7683714754498e-09, 0, 1, },
		{ 0.9639790058136, 9.1047525074828e-10, -0.26597857475281, 0, -3.2272851058224e-09, 1, -8.2734450401745e-09, 0, 0.26597857475281, 8.8338145687317e-09, 0.9639790058136, 0, 6.1035154885758e-07, -4.7683714754498e-09, 0, 1, },
		{ 0.9648562669754, 9.137969825268e-10, -0.26277837157249, 0, -3.1741826944653e-09, 1, -8.1773521287687e-09, 0, 0.26277837157249, 8.7240756840856e-09, 0.9648562669754, 0, 6.1035154885758e-07, -4.7683714754498e-09, 0, 1, },
		{ 0.96592754125595, 9.1739948970826e-10, -0.25881254673004, 0, -3.1088802643353e-09, 1, -8.0581488148823e-09, 0, 0.25881254673004, 8.5882048139752e-09, 0.96592754125595, 0, 6.1035154885758e-07, -4.7683714754498e-09, 0, 1, },
		{ 0.96710473299026, 9.2076746227576e-10, -0.25437861680984, 0, -3.0365345793371e-09, 1, -7.9247142181771e-09, 0, 0.25437861680984, 8.4364577546125e-09, 0.96710473299026, 0, 6.1035154885758e-07, -4.7683714754498e-09, 0, 1, },
		{ 0.96833008527756, 9.2357760328454e-10, -0.24967335164547, 0, -2.9605276008482e-09, 1, -7.7829280797914e-09, 0, 0.24967335164547, 8.2756086428049e-09, 0.96833008527756, 0, 6.1035154885758e-07, -4.7683714754498e-09, 0, 1, },
		{ 0.96965283155441, 9.2576613042183e-10, -0.24448584020138, 0, -2.8776412364095e-09, 1, -7.6263910742114e-09, 0, 0.24448584020138, 8.0984943195972e-09, 0.96965283155441, 0, 6.1035154885758e-07, -4.7683714754498e-09, 0, 1, },
		{ 0.97114211320877, 9.2711255339495e-10, -0.2385016977787, 0, -2.783199448686e-09, 1, -7.445529526251e-09, 0, 0.2385016977787, 7.8944655257374e-09, 0.97114211320877, 0, 6.1035154885758e-07, -4.7683714754498e-09, 0, 1, },
		{ 0.97285771369934, 9.2707708176931e-10, -0.23140422999859, 0, -2.6728235180684e-09, 1, -7.230627208088e-09, 0, 0.23140422999859, 7.6528738901516e-09, 0.97285771369934, 0, 6.1035154885758e-07, -4.7683714754498e-09, 0, 1, },
		{ 0.97484719753265, 9.247073662344e-10, -0.22287419438362, 0, -2.5424888860925e-09, 1, -6.9717849271456e-09, 0, 0.22287419438362, 7.363079479461e-09, 0.97484719753265, 0, 6.1035154885758e-07, -4.7683714754498e-09, 0, 1, },
		{ 0.97711843252182, 9.1857893513847e-10, -0.212695941329, 0, -2.3902817503085e-09, 1, -6.6621277383661e-09, 0, 0.212695941329, 7.0180901090566e-09, 0.97711843252182, 0, 6.1035154885758e-07, -4.7683714754498e-09, 0, 1, },
		{ 0.9795748591423, 9.0722090950734e-10, -0.20107983052731, 0, -2.2209292183106e-09, 1, -6.3076703860077e-09, 0, 0.20107983052731, 6.6254197683691e-09, 0.9795748591423, 0, 6.1035154885758e-07, -4.7683714754498e-09, 0, 1, },
		{ 0.98210287094116, 8.894644465407e-10, -0.1883453130722, 0, -2.0405757084063e-09, 1, -5.9178035805019e-09, 0, 0.1883453130722, 6.1962253106174e-09, 0.98210287094116, 0, 6.1035154885758e-07, -4.7683714754498e-09, 0, 1, },
		{ 0.98460119962692, 8.645706373045e-10, -0.17481552064419, 0, -1.8549926039668e-09, 1, -5.5021303069225e-09, 0, 0.17481552064419, 5.7416857934811e-09, 0.98460119962692, 0, 6.1035154885758e-07, -4.7683714754498e-09, 0, 1, },
		{ 0.98698419332504, 8.3231910252834e-10, -0.16081735491753, 0, -1.6694734483735e-09, 1, -5.0704986875871e-09, 0, 0.16081735491753, 5.2729820509967e-09, 0.98698419332504, 0, 6.1035154885758e-07, -4.7683714754498e-09, 0, 1, },
		{ 0.98919141292572, 7.9294792953988e-10, -0.14663018286228, 0, -1.4881392784716e-09, 1, -4.6314196922026e-09, 0, 0.14663018286228, 4.7995674101742e-09, 0.98919141292572, 0, 6.1035154885758e-07, -4.7683714754498e-09, 0, 1, },
		{ 0.99120557308197, 7.4649975090324e-10, -0.13233077526093, 0, -1.3121379538461e-09, 1, -4.1872318945479e-09, 0, 0.13233077526093, 4.3240442337833e-09, 0.99120557308197, 0, 6.1035154885758e-07, -4.7683714754498e-09, 0, 1, },
		{ 0.99302005767822, 6.9295680305004e-10, -0.11794555187225, 0, -1.141891914358e-09, 1, -3.7387293261304e-09, 0, 0.11794555187225, 3.8473149110985e-09, 0.99302005767822, 0, 6.1035154885758e-07, -4.7683714754498e-09, 0, 1, },
		{ 0.99462932348251, 6.3235461311706e-10, -0.10350070893764, 0, -9.7778141139315e-10, 1, -3.2867140120629e-09, 0, 0.10350070893764, 3.3702645119149e-09, 0.99462932348251, 0, 6.1035154885758e-07, -4.7683714754498e-09, 0, 1, },
		{ 0.99602955579758, 5.6476778809156e-10, -0.089023053646088, 0, -8.201439527511e-10, 1, -2.832016399168e-09, 0, 0.089023053646088, 2.8937843232768e-09, 0.99602955579758, 0, 6.1035154885758e-07, -4.7683714754498e-09, 0, 1, },
		{ 0.99722212553024, 4.9003645585799e-10, -0.074484877288342, 0, -6.6870242676487e-10, 1, -2.3737598553453e-09, 0, 0.074484877288342, 2.4169741763558e-09, 0.99722212553024, 0, 6.1035154885758e-07, -4.7683714754498e-09, 0, 1, },
		{ 0.99821984767914, 4.0665781853022e-10, -0.059640228748322, 0, -5.2115106674577e-10, 1, -1.9041292986799e-09, 0, 0.059640228748322, 1.9318224797615e-09, 0.99821984767914, 0, 6.1035154885758e-07, -4.7683714754498e-09, 0, 1, },
		{ 0.99902319908142, 3.1229774322128e-10, -0.044187903404236, 0, -3.7512393191719e-10, 1, -1.4134453607539e-09, 0, 0.044187903404236, 1.4286410943143e-09, 0.99902319908142, 0, 6.1035154885758e-07, -4.7683714754498e-09, 0, 1, },
		{ 0.99961274862289, 2.0399326672305e-10, -0.027826635167003, 0, -2.2890134232512e-10, 1, -8.9186696916599e-10, 0, 0.027826635167003, 8.9789198298718e-10, 0.99961274862289, 0, 6.1035154885758e-07, -4.7683714754498e-09, 0, 1, },
		{ 0.99994742870331, 7.8077981580105e-11, -0.010255008935928, 0, -8.1460171941217e-11, 1, -3.2938185512421e-10, 0, 0.010255008935928, 3.3020164380559e-10, 0.99994742870331, 0, 6.1035154885758e-07, -4.7683714754498e-09, 0, 1, },
		{ 0.9999623298645, -6.8720140689038e-11, 0.0086788833141327, 0, 6.6297189960096e-11, 1, 2.7939872637717e-10, 0, -0.0086788833141327, -2.7881075226333e-10, 0.9999623298645, 0, 6.1035154885758e-07, -4.7683714754498e-09, 0, 1, },
		{ 0.99959278106689, -2.3503332613473e-10, 0.028533069416881, 0, 2.0884270701682e-10, 1, 9.2076607449698e-10, 0, -0.028533069416881, -9.1443025374005e-10, 0.99959278106689, 0, 6.1035154885758e-07, -4.7683714754498e-09, 0, 1, },
		{ 0.99881261587143, -4.1712411302797e-10, 0.048716694116592, 0, 3.4074787436111e-10, 1, 1.5759220595157e-09, 0, -0.048716694116592, -1.5574483924752e-09, 0.99881261587143, 0, 6.1035154885758e-07, -4.7683714754498e-09, 0, 1, },
		{ 0.99764150381088, -6.097486404677e-10, 0.068639189004898, 0, 4.5805134685217e-10, 1, 2.2257196086173e-09, 0, -0.068639189004898, -2.1890276258318e-09, 0.99764150381088, 0, 6.1035154885758e-07, -4.7683714754498e-09, 0, 1, },
		{ 0.99614578485489, -8.0621020970284e-10, 0.087712734937668, 0, 5.5831250733718e-10, 1, 2.8507418647905e-09, 0, -0.087712734937668, -2.7907807176319e-09, 0.99614578485489, 0, 6.1035154885758e-07, -4.7683714754498e-09, 0, 1, },
		{ 0.99442005157471, -1.0000071881677e-09, 0.1054927110672, 0, 6.4111560504898e-10, 1, 3.4359532996575e-09, 0, -0.1054927110672, -3.3491456274959e-09, 0.99442005157471, 0, 6.1035154885758e-07, -4.7683714754498e-09, 0, 1, },
		{ 0.99251878261566, -1.1902655527862e-09, 0.12209185957909, 0, 7.0908606764064e-10, 1, 3.9845557964213e-09, 0, -0.12209185957909, -3.8681706726607e-09, 0.99251878261566, 0, 6.1035154885758e-07, -4.7683714754498e-09, 0, 1, },
		{ 0.99046540260315, -1.3781864538487e-09, 0.13776168227196, 0, 7.6493472667138e-10, 1, 4.5044554752849e-09, 0, -0.13776168227196, -4.3561252383029e-09, 0.99046540260315, 0, 6.1035154885758e-07, -4.7683714754498e-09, 0, 1, },
		{ 0.98826450109482, -1.5655707841233e-09, 0.15275257825851, 0, 8.1076118041423e-10, 1, 5.003668146486e-09, 0, -0.15275257825851, -4.8210990755138e-09, 0.98826450109482, 0, 6.1035154885758e-07, -4.7683714754498e-09, 0, 1, },
		{ 0.9859037399292, -1.7547491237835e-09, 0.16731354594231, 0, 8.4810380940326e-10, 1, 5.4902979940152e-09, 0, -0.16731354594231, -5.2710031894776e-09, 0.9859037399292, 0, 6.1035154885758e-07, -4.7683714754498e-09, 0, 1, },
		{ 0.98337137699127, -1.9473667123293e-09, 0.18160627782345, 0, 8.7783641466999e-10, 1, 5.9696381171648e-09, 0, -0.18160627782345, -5.7109463824645e-09, 0.98337137699127, 0, 6.1035154885758e-07, -4.7683714754498e-09, 0, 1, },
		{ 0.98071384429932, -2.1404957806226e-09, 0.19544875621796, 0, 9.0004798058985e-10, 1, 6.4354694906399e-09, 0, -0.19544875621796, -6.1354388236623e-09, 0.98071384429932, 0, 6.1035154885758e-07, -4.7683714754498e-09, 0, 1, },
		{ 0.97800612449646, -2.3296884421597e-09, 0.20857627689838, 0, 9.15079567676e-10, 1, 6.8787002760473e-09, 0, -0.20857627689838, -6.5365455270694e-09, 0.97800612449646, 0, 6.1035154885758e-07, -4.7683714754498e-09, 0, 1, },
		{ 0.97533565759659, -2.5100774792008e-09, 0.22072675824165, 0, 9.2371266191549e-10, 1, 7.2902204273362e-09, 0, -0.22072675824165, -6.9065211327768e-09, 0.97533565759659, 0, 6.1035154885758e-07, -4.7683714754498e-09, 0, 1, },
		{ 0.9728010892868, -2.6764934712986e-09, 0.23164239525795, 0, 9.2710544796759e-10, 1, 7.6609740773392e-09, 0, -0.23164239525795, -7.2378427695696e-09, 0.9728010892868, 0, 6.1035154885758e-07, -4.7683714754498e-09, 0, 1, },
		{ 0.97048020362854, -2.8253257511324e-09, 0.24118092656136, 0, 9.2666135875774e-10, 1, 7.9857747081746e-09, 0, -0.24118092656136, -7.5265393917334e-09, 0.97048020362854, 0, 6.1035154885758e-07, -4.7683714754498e-09, 0, 1, },
		{ 0.96833461523056, -2.9602436057985e-09, 0.24965578317642, 0, 9.235847087119e-10, 1, 8.2750073460147e-09, 0, -0.24965578317642, -7.7823951727396e-09, 0.96833461523056, 0, 6.1035154885758e-07, -4.7683714754498e-09, 0, 1, },
		{ 0.96628105640411, -3.0872211453925e-09, 0.25748971104622, 0, 9.1847951466661e-10, 1, 8.5429139318194e-09, 0, -0.25748971104622, -8.0183522044308e-09, 0.96628105640411, 0, 6.1035154885758e-07, -4.7683714754498e-09, 0, 1, },
		{ 0.964220225811, -3.2127065452414e-09, 0.26510208845139, 0, 9.1142382530052e-10, 1, 8.8037515055817e-09, 0, -0.26510208845139, -8.2471336426693e-09, 0.964220225811, 0, 6.1035154885758e-07, -4.7683714754498e-09, 0, 1, },
		{ 0.96203982830048, -3.3435545443439e-09, 0.27290916442871, 0, 9.0202334490641e-10, 1, 9.0717797718298e-09, 0, -0.27290916442871, -8.4812414868907e-09, 0.96203982830048, 0, 6.1035154885758e-07, -4.7683714754498e-09, 0, 1, },
		{ 0.95967704057693, -3.4832865480894e-09, 0.28110486268997, 0, 8.8978779899662e-10, 1, 9.3537240175579e-09, 0, -0.28110486268997, -8.7264266923626e-09, 0.95967704057693, 0, 6.1035154885758e-07, -4.7683714754498e-09, 0, 1, },
		{ 0.95732492208481, -3.6204459430422e-09, 0.28901371359825, 0, 8.7566576212339e-10, 1, 9.6263628179827e-09, 0, -0.28901371359825, -8.9624760946094e-09, 0.95732492208481, 0, 6.1035154885758e-07, -4.7683714754498e-09, 0, 1, },
		{ 0.95526546239853, -3.739071274822e-09, 0.29574963450432, 0, 8.6182788683331e-10, 1, 9.8590025032763e-09, 0, -0.29574963450432, -9.1630765197692e-09, 0.95526546239853, 0, 6.1035154885758e-07, -4.7683714754498e-09, 0, 1, },
		{ 0.95380258560181, -3.8225564935601e-09, 0.30043414235115, 0, 8.5121953929956e-10, 1, 1.0021032004204e-08, 0, -0.30043414235115, -9.3023473368703e-09, 0.95380258560181, 0, 6.1035154885758e-07, -4.7683714754498e-09, 0, 1, },
		{ 0.95324748754501, -3.8540690638911e-09, 0.30219063162804, 0, 8.4703444258594e-10, 1, 1.0081836698816e-08, 0, -0.30219063162804, -9.3545180490651e-09, 0.95324748754501, 0, 6.1035154885758e-07, -4.7683714754498e-09, 0, 1, },
		{ 0.95380258560181, -3.8225564935601e-09, 0.30043423175812, 0, 8.5121953929956e-10, 1, 1.0021034668739e-08, 0, -0.30043423175812, -9.3023500014056e-09, 0.95380258560181, 0, 6.1035154885758e-07, -4.7683714754498e-09, 0, 1, },
		{ 0.95528131723404, -3.7381617801202e-09, 0.29569843411446, 0, 8.6193802095735e-10, 1, 9.8572323636859e-09, 0, -0.29569843411446, -9.161552405601e-09, 0.95528131723404, 0, 6.1035154885758e-07, -4.7683714754498e-09, 0, 1, },
		{ 0.95739513635635, -3.6163783079246e-09, 0.28878101706505, 0, 8.7611340404692e-10, 1, 9.6183327968902e-09, 0, -0.28878101706505, -8.9555376447947e-09, 0.95739513635635, 0, 6.1035154885758e-07, -4.7683714754498e-09, 0, 1, },
		{ 0.95985925197601, -3.472583998132e-09, 0.280482172966, 0, 8.9080381959761e-10, 1, 9.3322825023279e-09, 0, -0.280482172966, -8.7078211308267e-09, 0.95985925197601, 0, 6.1035154885758e-07, -4.7683714754498e-09, 0, 1, },
		{ 0.9624080657959, -3.3215881156679e-09, 0.27160772681236, 0, 9.0374285832695e-10, 1, 9.0270635411116e-09, 0, -0.27160772681236, -8.4422513424443e-09, 0.9624080657959, 0, 6.1035154885758e-07, -4.7683714754498e-09, 0, 1, },
		{ 0.96484899520874, -3.1746212325601e-09, 0.26280507445335, 0, 9.137721690422e-10, 1, 8.7249905078579e-09, 0, -0.26280507445335, -8.1781514893464e-09, 0.96484899520874, 0, 6.1035154885758e-07, -4.7683714754498e-09, 0, 1, },
		{ 0.96718800067902, -3.0313866972165e-09, 0.25406143069267, 0, 9.2098056958534e-10, 1, 8.4256077670375e-09, 0, -0.25406143069267, -7.915159194738e-09, 0.96718800067902, 0, 6.1035154885758e-07, -4.7683714754498e-09, 0, 1, },
		{ 0.96947354078293, -2.8889228786966e-09, 0.24519567191601, 0, 9.2552093766685e-10, 1, 8.1227149451024e-09, 0, -0.24519567191601, -7.6478228194787e-09, 0.96947354078293, 0, 6.1035154885758e-07, -4.7683714754498e-09, 0, 1, },
		{ 0.97174692153931, -2.7444890804418e-09, 0.23602548241615, 0, 9.2729729450625e-10, 1, 7.8101285438947e-09, 0, -0.23602548241615, -7.370600574319e-09, 0.97174692153931, 0, 6.1035154885758e-07, -4.7683714754498e-09, 0, 1, },
		{ 0.97404217720032, -2.5955468885286e-09, 0.2263668179512, 0, 9.2598279044509e-10, 1, 7.4816624007212e-09, 0, -0.2263668179512, -7.0778396477067e-09, 0.97404217720032, 0, 6.1035154885758e-07, -4.7683714754498e-09, 0, 1, },
		{ 0.9763839840889, -2.4399291476129e-09, 0.21604236960411, 0, 9.209876750127e-10, 1, 7.1314216754104e-09, 0, -0.21604236960411, -6.7640302248151e-09, 0.9763839840889, 0, 6.1035154885758e-07, -4.7683714754498e-09, 0, 1, },
		{ 0.9787809252739, -2.2762520757169e-09, 0.20490972697735, 0, 9.1147706049455e-10, 1, 6.7547625270947e-09, 0, -0.20490972697735, -6.4246608033613e-09, 0.9787809252739, 0, 6.1035154885758e-07, -4.7683714754498e-09, 0, 1, },
		{ 0.98123157024384, -2.1035013730852e-09, 0.19283297657967, 0, 8.9635321387505e-10, 1, 6.347322667466e-09, 0, -0.19283297657967, -6.0553437819522e-09, 0.98123157024384, 0, 6.1035154885758e-07, -4.7683714754498e-09, 0, 1, },
		{ 0.98372584581375, -1.9209451807001e-09, 0.17967562377453, 0, 8.742233603698e-10, 1, 5.9047913225641e-09, 0, -0.17967562377453, -5.6516187285638e-09, 0.98372584581375, 0, 6.1035154885758e-07, -4.7683714754498e-09, 0, 1, },
		{ 0.98624324798584, -1.7281713837747e-09, 0.16530027985573, 0, 8.4336443384458e-10, 1, 5.422912785491e-09, 0, -0.16530027985573, -5.2089017543722e-09, 0.98624324798584, 0, 6.1035154885758e-07, -4.7683714754498e-09, 0, 1, },
		{ 0.98874634504318, -1.5255636753864e-09, 0.14960172772408, 0, 8.0174800132227e-10, 1, 4.8985917544542e-09, 0, -0.14960172772408, -4.723518465255e-09, 0.98874634504318, 0, 6.1035154885758e-07, -4.7683714754498e-09, 0, 1, },
		{ 0.99116879701614, -1.3154668465631e-09, 0.13260625302792, 0, 7.4745182265801e-10, 1, 4.3331906951494e-09, 0, -0.13260625302792, -4.1958037044765e-09, 0.99116879701614, 0, 6.1035154885758e-07, -4.7683714754498e-09, 0, 1, },
		{ 0.99343758821487, -1.1006910938249e-09, 0.11437504738569, 0, 6.7861094521504e-10, 1, 3.7292422483404e-09, 0, -0.11437504738569, -3.627151690111e-09, 0.99343758821487, 0, 6.1035154885758e-07, -4.7683714754498e-09, 0, 1, },
		{ 0.99548000097275, -8.8408214082847e-10, 0.09497132897377, 0, 5.9335997226739e-10, 1, 3.0893514413322e-09, 0, -0.09497132897377, -3.0190330235769e-09, 0.99548000097275, 0, 6.1035154885758e-07, -4.7683714754498e-09, 0, 1, },
		{ 0.99722397327423, -6.6846439494839e-10, 0.074461162090302, 0, 4.8990855816555e-10, 1, 2.416197908417e-09, 0, -0.074461162090302, -2.3730093445806e-09, 0.99722397327423, 0, 6.1035154885758e-07, -4.7683714754498e-09, 0, 1, },
		{ 0.99858117103577, -4.5983125640525e-10, 0.053250283002853, 0, 3.6856914742422e-10, 1, 1.723516440677e-09, 0, -0.053250283002853, -1.7014433195683e-09, 0.99858117103577, 0, 6.1035154885758e-07, -4.7683714754498e-09, 0, 1, },
		{ 0.99945205450058, -2.7506885658113e-10, 0.033097919076681, 0, 2.3982593688743e-10, 1, 1.0686620477429e-09, 0, -0.033097919076681, -1.0601368671814e-09, 0.99945205450058, 0, 6.1035154885758e-07, -4.7683714754498e-09, 0, 1, },
		{ 0.99987024068832, -1.2945022831445e-10, 0.016106247901917, 0, 1.2110845659663e-10, 1, 5.1897108832577e-10, 0, -0.016106247901917, -5.1695264735585e-10, 0.99987024068832, 0, 6.1035154885758e-07, -4.7683714754498e-09, 0, 1, },
		{ 0.99999046325684, -3.4340530419286e-11, 0.0043751895427704, 0, 3.3722358239174e-11, 1, 1.4077627952247e-10, 0, -0.0043751895427704, -1.4062617736954e-10, 0.99999046325684, 0, 6.1035154885758e-07, -4.7683714754498e-09, 0, 1, },
		{ 1, 0, 2.9802322387695e-08, 0, 0, 1, 0, 0, -2.9802322387695e-08, 8.8817841970013e-16, 1, 0, 6.1035154885758e-07, -4.7683714754498e-09, 0, 1, },
	},
}
end
