function data()
return {
	times = { 0, 83.333, 125, 166.667, 208.333, 250, 291.667, 333.333, 375, 416.667, 458.333, 500, 541.667, 583.333, 625, 666.667, 708.333, 750, 791.667, 833.333, 875, 916.667, 958.333, 1000, 1041.667, 1083.333, 1125, 1166.667, 1208.333, 1250, 1291.667, 1333.333, 1375, 1416.667, 1458.333, 1500, 1541.667, 1583.333, 1625, 1666.667, 1708.333, 1750, 1791.667, 1833.333, 1875, 1916.667, 1958.333, 2000, 2041.667, 2083.333, 2125, 2166.667, 2208.333, 2250, 2291.667, 2333.333, 2375, 2416.667, 2458.333, 2500, 2541.667, 2583.333, 2625, 2666.667, 2708.333, 2750, 2791.667, 2833.333, 2875, 2916.667, 2958.333, 3000, 3041.667, 3083.333, 3125, 3166.667, 3208.333, 3250, 3291.667, 3333.333, 3375, 3416.667, 3458.333, 3500, 3541.667, 3583.333, 3625, 3666.667, 3708.333, 3750, 3791.667, 3833.333, 3875, 3916.667, 3958.333, 4000, 4041.667, 4083.333, 4166.667, },
	transfs = {
		{ 1, 0, 0, 0, 0, 1, 0, 0, 0, 0, 1, 0, 0, 0, 0, 1, },
		{ 1, 0, 0, 0, 0, 1, 0, 0, 0, 0, 1, 0, -0.015873413532972, 0, 0, 1, },
		{ 1, 0, 0, 0, 0, 1, 0, 0, 0, 0, 1, 0, -0.032144162803888, 0, 0, 1, },
		{ 1, 0, 0, 0, 0, 1, 0, 0, 0, 0, 1, 0, -0.050798337906599, 0, 0, 1, },
		{ 1, 0, 0, 0, 0, 1, 0, 0, 0, 0, 1, 0, -0.069454342126846, 0, 0, 1, },
		{ 0.99999660253525, 0, 0.0025779101997614, 0, 0, 1, 0, 0, -0.0025779101997614, 0, 0.99999660253525, 0, -0.086210936307907, 0, 0, 1, },
		{ 0.99995845556259, 0, 0.0091146230697632, 0, 0, 1, 0, 0, -0.0091146230697632, 0, 0.99995845556259, 0, -0.10108276456594, 0, 0, 1, },
		{ 0.99984127283096, 0, 0.017814211547375, 0, 0, 1, 0, 0, -0.017814211547375, 0, 0.99984127283096, 0, -0.11456176638603, 0, 0, 1, },
		{ 0.99963861703873, 0, 0.026880530640483, 0, 0, 1, 0, 0, -0.026880530640483, 0, 0.99963861703873, 0, -0.12714171409607, 0, 0, 1, },
		{ 0.99940401315689, 0, 0.034518379718065, 0, 0, 1, 0, 0, -0.034518379718065, 0, 0.99940401315689, 0, -0.13929504156113, 0, 0, 1, },
		{ 0.9992213845253, 0, 0.039453975856304, 0, 0, 1, 0, 0, -0.039453975856304, 0, 0.9992213845253, 0, -0.15144896507263, 0, 0, 1, },
		{ 0.99909669160843, 0, 0.042492657899857, 0, 0, 1, 0, 0, -0.042492657899857, 0, 0.99909669160843, 0, -0.16317443549633, 0, 0, 1, },
		{ 0.99898886680603, 0, 0.044958539307117, 0, 0, 1, 0, 0, -0.044958539307117, 0, 0.99898886680603, 0, -0.17489929497242, 0, 0, 1, },
		{ 0.99883890151978, 0, 0.048175014555454, 0, 0, 1, 0, 0, -0.048175014555454, 0, 0.99883890151978, 0, -0.1851849257946, 0, 0, 1, },
		{ 0.99856972694397, 0, 0.053464628756046, 0, 0, 1, 0, 0, -0.053464628756046, 0, 0.99856972694397, 0, -0.19546996057034, 0, 0, 1, },
		{ 0.99809765815735, 0, 0.061652716249228, 0, 0, 1, 0, 0, -0.061652716249228, 0, 0.99809765815735, 0, -0.20355895161629, 0, 0, 1, },
		{ 0.99743467569351, 0, 0.071582347154617, 0, 0, 1, 0, 0, -0.071582347154617, 0, 0.99743467569351, 0, -0.21164855360985, 0, 0, 1, },
		{ 0.99666482210159, 0, 0.081603467464447, 0, 0, 1, 0, 0, -0.081603467464447, 0, 0.99666482210159, 0, -0.21806700527668, 0, 0, 1, },
		{ 0.99593532085419, 0, 0.090070478618145, 0, 0, 1, 0, 0, -0.090070478618145, 0, 0.99593532085419, 0, -0.22448547184467, 0, 0, 1, },
		{ 0.99544453620911, 0, 0.095342576503754, 0, 0, 1, 0, 0, -0.095342576503754, 0, 0.99544453620911, 0, -0.22978942096233, 0, 0, 1, },
		{ 0.99519753456116, 0, 0.097886800765991, 0, 0, 1, 0, 0, -0.097886800765991, 0, 0.99519753456116, 0, -0.23509277403355, 0, 0, 1, },
		{ 0.99504458904266, 0, 0.099429659545422, 0, 0, 1, 0, 0, -0.099429659545422, 0, 0.99504458904266, 0, -0.24039672315121, 0, 0, 1, },
		{ 0.99496513605118, 0, 0.10022187232971, 0, 0, 1, 0, 0, -0.10022187232971, 0, 0.99496513605118, 0, -0.23900939524174, 0, 0, 1, },
		{ 0.99493563175201, 0, 0.10051371902227, 0, 0, 1, 0, 0, -0.10051371902227, 0, 0.99493563175201, 0, -0.23762206733227, 0, 0, 1, },
		{ 0.99493145942688, 0, 0.10055541247129, 0, 0, 1, 0, 0, -0.10055541247129, 0, 0.99493145942688, 0, -0.23623412847519, 0, 0, 1, },
		{ 0.99495947360992, 0, 0.10027711838484, 0, 0, 1, 0, 0, -0.10027711838484, 0, 0.99495947360992, 0, -0.23484680056572, 0, 0, 1, },
		{ 0.99504917860031, 0, 0.099383652210236, 0, 0, 1, 0, 0, -0.099383652210236, 0, 0.99504917860031, 0, -0.23345947265625, 0, 0, 1, },
		{ 0.99520736932755, 0, 0.097786925733089, 0, 0, 1, 0, 0, -0.097786925733089, 0, 0.99520736932755, 0, -0.23207214474678, 0, 0, 1, },
		{ 0.99543911218643, 0, 0.095398761332035, 0, 0, 1, 0, 0, -0.095398761332035, 0, 0.99543911218643, 0, -0.23068480193615, 0, 0, 1, },
		{ 0.99574691057205, 0, 0.092130690813065, 0, 0, 1, 0, 0, -0.092130690813065, 0, 0.99574691057205, 0, -0.22929686307907, 0, 0, 1, },
		{ 0.9961262345314, 0, 0.08793493360281, 0, 0, 1, 0, 0, -0.08793493360281, 0, 0.9961262345314, 0, -0.2279095351696, 0, 0, 1, },
		{ 0.99655556678772, 0, 0.082927465438843, 0, 0, 1, 0, 0, -0.082927465438843, 0, 0.99655556678772, 0, -0.22652220726013, 0, 0, 1, },
		{ 0.99701052904129, 0, 0.077265217900276, 0, 0, 1, 0, 0, -0.077265217900276, 0, 0.99701052904129, 0, -0.21988341212273, 0, 0, 1, },
		{ 0.99746870994568, 0, 0.07110557705164, 0, 0, 1, 0, 0, -0.07110557705164, 0, 0.99746870994568, 0, -0.21324522793293, 0, 0, 1, },
		{ 0.99791085720062, 0, 0.064606100320816, 0, 0, 1, 0, 0, -0.064606100320816, 0, 0.99791085720062, 0, -0.20660644769669, 0, 0, 1, },
		{ 0.99832081794739, 0, 0.057926699519157, 0, 0, 1, 0, 0, -0.057926699519157, 0, 0.99832081794739, 0, -0.19674377143383, 0, 0, 1, },
		{ 0.99868661165237, 0, 0.051234815269709, 0, 0, 1, 0, 0, -0.051234815269709, 0, 0.99868661165237, 0, -0.18688109517097, 0, 0, 1, },
		{ 0.99900037050247, 0, 0.044700104743242, 0, 0, 1, 0, 0, -0.044700104743242, 0, 0.99900037050247, 0, -0.175397336483, 0, 0, 1, },
		{ 0.99925881624222, 0, 0.03849234059453, 0, 0, 1, 0, 0, -0.03849234059453, 0, 0.99925881624222, 0, -0.16316954791546, 0, 0, 1, },
		{ 0.99946248531342, 0, 0.032781455665827, 0, 0, 1, 0, 0, -0.032781455665827, 0, 0.99946248531342, 0, -0.15045227110386, 0, 0, 1, },
		{ 0.99961656332016, 0, 0.027689168229699, 0, 0, 1, 0, 0, -0.027689168229699, 0, 0.99961656332016, 0, -0.13746398687363, 0, 0, 1, },
		{ 0.99973213672638, 0, 0.02314430475235, 0, 0, 1, 0, 0, -0.02314430475235, 0, 0.99973213672638, 0, -0.1242840513587, 0, 0, 1, },
		{ 0.99981892108917, 0, 0.019027361646295, 0, 0, 1, 0, 0, -0.019027361646295, 0, 0.99981892108917, 0, -0.11095824837685, 0, 0, 1, },
		{ 0.99988412857056, 0, 0.015218708664179, 0, 0, 1, 0, 0, -0.015218708664179, 0, 0.99988412857056, 0, -0.097533568739891, 0, 0, 1, },
		{ 0.9999326467514, 0, 0.011598641052842, 0, 0, 1, 0, 0, -0.011598641052842, 0, 0.9999326467514, 0, -0.084053345024586, 0, 0, 1, },
		{ 0.99996709823608, 0, 0.008110336959362, 0, 0, 1, 0, 0, -0.008110336959362, 0, 0.99996709823608, 0, -0.07051757723093, 0, 0, 1, },
		{ 0.99998778104782, 0, 0.0049486039206386, 0, 0, 1, 0, 0, -0.0049486039206386, 0, 0.99998778104782, 0, -0.056735228747129, 0, 0, 1, },
		{ 0.9999971985817, 0, 0.0023711677640676, 0, 0, 1, 0, 0, -0.0023711677640676, 0, 0.9999971985817, 0, -0.042470701038837, 0, 0, 1, },
		{ 0.99999976158142, 0, 0.00063573801890016, 0, 0, 1, 0, 0, -0.00063573801890016, 0, 0.99999976158142, 0, -0.02748535014689, 0, 0, 1, },
		{ 1, 0, 0, 0, 0, 1, 0, 0, 0, 0, 1, 0, -0.011542968451977, 0, 0, 1, },
		{ 1, 0, 0, 0, 0, 1, 0, 0, 0, 0, 1, 0, 0.0054797362536192, 0, 0, 1, },
		{ 1, 0, 0, 0, 0, 1, 0, 0, 0, 0, 1, 0, 0.023244628682733, 0, 0, 1, },
		{ 1, 0, 0, 0, 0, 1, 0, 0, 0, 0, 1, 0, 0.041299436241388, 0, 0, 1, },
		{ 1, 0, 0, 0, 0, 1, 0, 0, 0, 0, 1, 0, 0.05919311568141, 0, 0, 1, },
		{ 1, 0, 0, 0, 0, 1, 0, 0, 0, 0, 1, 0, 0.076473996043205, 0, 0, 1, },
		{ 0.99999690055847, 0, 0.0024738064967096, 0, 0, 1, 0, 0, -0.0024738064967096, 0, 0.99999690055847, 0, 0.092790521681309, 0, 0, 1, },
		{ 0.99996000528336, 0, 0.0089456904679537, 0, 0, 1, 0, 0, -0.0089456904679537, 0, 0.99996000528336, 0, 0.10819824039936, 0, 0, 1, },
		{ 0.99983811378479, 0, 0.017990879714489, 0, 0, 1, 0, 0, -0.017990879714489, 0, 0.99983811378479, 0, 0.1228546127677, 0, 0, 1, },
		{ 0.99960267543793, 0, 0.028184061869979, 0, 0, 1, 0, 0, -0.028184061869979, 0, 0.99960267543793, 0, 0.1369165033102, 0, 0, 1, },
		{ 0.99927389621735, 0, 0.038100250065327, 0, 0, 1, 0, 0, -0.038100250065327, 0, 0.99927389621735, 0, 0.15054015815258, 0, 0, 1, },
		{ 0.99891209602356, 0, 0.046632546931505, 0, 0, 1, 0, 0, -0.046632546931505, 0, 0.99891209602356, 0, 0.16382202506065, 0, 0, 1, },
		{ 0.99854403734207, 0, 0.053941003978252, 0, 0, 1, 0, 0, -0.053941003978252, 0, 0.99854403734207, 0, 0.17628356814384, 0, 0, 1, },
		{ 0.99816805124283, 0, 0.06050182133913, 0, 0, 1, 0, 0, -0.06050182133913, 0, 0.99816805124283, 0, 0.18874572217464, 0, 0, 1, },
		{ 0.99776703119278, 0, 0.066790655255318, 0, 0, 1, 0, 0, -0.066790655255318, 0, 0.99776703119278, 0, 0.19944763183594, 0, 0, 1, },
		{ 0.99731123447418, 0, 0.07328237593174, 0, 0, 1, 0, 0, -0.07328237593174, 0, 0.99731123447418, 0, 0.21014891564846, 0, 0, 1, },
		{ 0.9967668056488, 0, 0.080348141491413, 0, 0, 1, 0, 0, -0.080348141491413, 0, 0.9967668056488, 0, 0.21867126226425, 0, 0, 1, },
		{ 0.99612522125244, 0, 0.087946347892284, 0, 0, 1, 0, 0, -0.087946347892284, 0, 0.99612522125244, 0, 0.22719420492649, 0, 0, 1, },
		{ 0.99538779258728, 0, 0.095932491123676, 0, 0, 1, 0, 0, -0.095932491123676, 0, 0.99538779258728, 0, 0.23463682830334, 0, 0, 1, },
		{ 0.99456030130386, 0, 0.10416221618652, 0, 0, 1, 0, 0, -0.10416221618652, 0, 0.99456030130386, 0, 0.24207885563374, 0, 0, 1, },
		{ 0.99365264177322, 0, 0.11249157786369, 0, 0, 1, 0, 0, -0.11249157786369, 0, 0.99365264177322, 0, 0.24981689453125, 0, 0, 1, },
		{ 0.99268990755081, 0, 0.12069220095873, 0, 0, 1, 0, 0, -0.12069220095873, 0, 0.99268990755081, 0, 0.2575549185276, 0, 0, 1, },
		{ 0.99174863100052, 0, 0.12819780409336, 0, 0, 1, 0, 0, -0.12819780409336, 0, 0.99174863100052, 0, 0.26462829113007, 0, 0, 1, },
		{ 0.99093264341354, 0, 0.13435964286327, 0, 0, 1, 0, 0, -0.13435964286327, 0, 0.99093264341354, 0, 0.27170166373253, 0, 0, 1, },
		{ 0.99035811424255, 0, 0.13853091001511, 0, 0, 1, 0, 0, -0.13853091001511, 0, 0.99035811424255, 0, 0.26929992437363, 0, 0, 1, },
		{ 0.99014228582382, 0, 0.14006519317627, 0, 0, 1, 0, 0, -0.14006519317627, 0, 0.99014228582382, 0, 0.26689818501472, 0, 0, 1, },
		{ 0.99036645889282, 0, 0.13847102224827, 0, 0, 1, 0, 0, -0.13847102224827, 0, 0.99036645889282, 0, 0.26449644565582, 0, 0, 1, },
		{ 0.99096012115479, 0, 0.1341568082571, 0, 0, 1, 0, 0, -0.1341568082571, 0, 0.99096012115479, 0, 0.26209411025047, 0, 0, 1, },
		{ 0.9917967915535, 0, 0.12782408297062, 0, 0, 1, 0, 0, -0.12782408297062, 0, 0.9917967915535, 0, 0.25969237089157, 0, 0, 1, },
		{ 0.99275273084641, 0, 0.12017492949963, 0, 0, 1, 0, 0, -0.12017492949963, 0, 0.99275273084641, 0, 0.25729063153267, 0, 0, 1, },
		{ 0.99371790885925, 0, 0.11191364377737, 0, 0, 1, 0, 0, -0.11191364377737, 0, 0.99371790885925, 0, 0.24911925196648, 0, 0, 1, },
		{ 0.99461394548416, 0, 0.10364846885204, 0, 0, 1, 0, 0, -0.10364846885204, 0, 0.99461394548416, 0, 0.24094726145267, 0, 0, 1, },
		{ 0.99542039632797, 0, 0.095594123005867, 0, 0, 1, 0, 0, -0.095594123005867, 0, 0.99542039632797, 0, 0.23299437761307, 0, 0, 1, },
		{ 0.99613219499588, 0, 0.087866954505444, 0, 0, 1, 0, 0, -0.087866954505444, 0, 0.99613219499588, 0, 0.22504149377346, 0, 0, 1, },
		{ 0.99674779176712, 0, 0.080583482980728, 0, 0, 1, 0, 0, -0.080583482980728, 0, 0.99674779176712, 0, 0.2165569961071, 0, 0, 1, },
		{ 0.99726861715317, 0, 0.073860317468643, 0, 0, 1, 0, 0, -0.073860317468643, 0, 0.99726861715317, 0, 0.20807188749313, 0, 0, 1, },
		{ 0.99770510196686, 0, 0.067708864808083, 0, 0, 1, 0, 0, -0.067708864808083, 0, 0.99770510196686, 0, 0.19825378060341, 0, 0, 1, },
		{ 0.99809354543686, 0, 0.061718694865704, 0, 0, 1, 0, 0, -0.061718694865704, 0, 0.99809354543686, 0, 0.18843626976013, 0, 0, 1, },
		{ 0.99846571683884, 0, 0.055373292416334, 0, 0, 1, 0, 0, -0.055373292416334, 0, 0.99846571683884, 0, 0.17661742866039, 0, 0, 1, },
		{ 0.99883985519409, 0, 0.048155382275581, 0, 0, 1, 0, 0, -0.048155382275581, 0, 0.99883985519409, 0, 0.16479858756065, 0, 0, 1, },
		{ 0.99921768903732, 0, 0.039547048509121, 0, 0, 1, 0, 0, -0.039547048509121, 0, 0.99921768903732, 0, 0.15108214318752, 0, 0, 1, },
		{ 0.99956858158112, 0, 0.029369568452239, 0, 0, 1, 0, 0, -0.029369568452239, 0, 0.99956858158112, 0, 0.13595214486122, 0, 0, 1, },
		{ 0.9998232126236, 0, 0.018803765997291, 0, 0, 1, 0, 0, -0.018803765997291, 0, 0.9998232126236, 0, 0.11956542730331, 0, 0, 1, },
		{ 0.99995601177216, 0, 0.0093718618154526, 0, 0, 1, 0, 0, -0.0093718618154526, 0, 0.99995601177216, 0, 0.10214355587959, 0, 0, 1, },
		{ 0.99999660253525, 0, 0.0025965664535761, 0, 0, 1, 0, 0, -0.0025965664535761, 0, 0.99999660253525, 0, 0.083905637264252, 0, 0, 1, },
		{ 1, 0, 0, 0, 0, 1, 0, 0, 0, 0, 1, 0, 0.0650744587183, 0, 0, 1, },
		{ 1, 0, 0, 0, 0, 1, 0, 0, 0, 0, 1, 0, 0.046111449599266, 0, 0, 1, },
		{ 1, 0, 0, 0, 0, 1, 0, 0, 0, 0, 1, 0, 0.028448484838009, 0, 0, 1, },
		{ 1, 0, 0, 0, 0, 1, 0, 0, 0, 0, 1, 0, 0.013760375790298, 0, 0, 1, },
		{ 1, 0, 0, 0, 0, 1, 0, 0, 0, 0, 1, 0, 0, 0, 0, 1, },
	},
}
end
