function data()
return { 
		times = { 0, 41.667000000000001591615728102624416351318359375, 83.332999999999998408384271897375583648681640625, 125, 166.667000000000001591615728102624416351318359375, 208.332999999999998408384271897375583648681640625, 250, 291.66699999999997316990629769861698150634765625, 333.33300000000002683009370230138301849365234375, 375, 416.66699999999997316990629769861698150634765625, 458.33300000000002683009370230138301849365234375, 500, 541.6670000000000300133251585066318511962890625, 583.3329999999999699866748414933681488037109375, 625, 666.6670000000000300133251585066318511962890625, 708.3329999999999699866748414933681488037109375, 750, 791.6670000000000300133251585066318511962890625, 833.3329999999999699866748414933681488037109375, 875, 916.6670000000000300133251585066318511962890625, 958.3329999999999699866748414933681488037109375, 1000, 1041.66699999999991632648743689060211181640625, 1083.33300000000008367351256310939788818359375, 1125, 1166.66699999999991632648743689060211181640625, 1208.33300000000008367351256310939788818359375, 1250, 1291.66699999999991632648743689060211181640625, 1333.33300000000008367351256310939788818359375, 1375, 1416.66699999999991632648743689060211181640625, 1458.33300000000008367351256310939788818359375, 1500, 1541.66699999999991632648743689060211181640625, 1583.33300000000008367351256310939788818359375, 1625, 1666.66699999999991632648743689060211181640625, 1708.33300000000008367351256310939788818359375, 1750, 1791.66699999999991632648743689060211181640625, 1833.33300000000008367351256310939788818359375, 1875, 1916.66699999999991632648743689060211181640625, 1958.33300000000008367351256310939788818359375, 2000, 2041.66699999999991632648743689060211181640625, 2083.33300000000008367351256310939788818359375, 2125, 2166.66699999999991632648743689060211181640625, 2208.33300000000008367351256310939788818359375, 2250, 2291.66699999999991632648743689060211181640625, 2333.33300000000008367351256310939788818359375, 2375, 2416.66699999999991632648743689060211181640625, 2458.33300000000008367351256310939788818359375, 2500, 2541.66699999999991632648743689060211181640625, 2583.33300000000008367351256310939788818359375, 2625, 2666.66699999999991632648743689060211181640625, 2708.33300000000008367351256310939788818359375, 2750, 2791.66699999999991632648743689060211181640625, 2833.33300000000008367351256310939788818359375, 2875, 2916.66699999999991632648743689060211181640625, 2958.33300000000008367351256310939788818359375, 3000, 3041.66699999999991632648743689060211181640625, 3083.33300000000008367351256310939788818359375, 3166.66699999999991632648743689060211181640625, 3208.33300000000008367351256310939788818359375, 3250, 3291.66699999999991632648743689060211181640625, 3333.33300000000008367351256310939788818359375, 3375, 3416.66699999999991632648743689060211181640625, 3458.33300000000008367351256310939788818359375, 3500, 3541.66699999999991632648743689060211181640625, 3583.33300000000008367351256310939788818359375, 3625, 3666.66699999999991632648743689060211181640625, 3708.33300000000008367351256310939788818359375, 3750, 3791.66699999999991632648743689060211181640625, 3833.33300000000008367351256310939788818359375, 3875, 3916.66699999999991632648743689060211181640625, 3958.33300000000008367351256310939788818359375, 4000, 4041.66699999999991632648743689060211181640625, 4083.33300000000008367351256310939788818359375, 4125, 4166.6670000000003710738383233547210693359375, },
		transfs = {
			{ 1, 0, -0.000000000000000168897443240221428219227650657785488874651491642, 0, 0.000000000000003552713678800500929355621337890625, 1, 0, 0, -0.000000000000000168897482944890830764556044485402708232868462801, -0.000000000000000444089209850062616169452667236328125, 1, 0, -0.0000006103515488575794734060764312744140625, 0.00000000476837147544983963598497211933135986328125, -0.0000000762939436071974341757595539093017578125, 1, },
			{ 0.999822914600372314453125, 0.000000000099536372200059730630528065375983715057373046875, -0.0188176333904266357421875, 0, -0.000000000110265574448931147344410419464111328125, 1, -0.00000000056913851409490234800614416599273681640625, 0, 0.0188176333904266357421875, 0.00000000057111204654347602627240121364593505859375, 0.999822914600372314453125, 0, 0.000971679692156612873077392578125, 0.00000000476837147544983963598497211933135986328125, -0.0004105377011001110076904296875, 1, },
			{ 0.99929702281951904296875, 0.00000000018768629705956385578247136436402797698974609375, -0.037488043308258056640625, 0, -0.00000000023027979523249086923897266387939453125, 1, -0.000000001131871041337717542774043977260589599609375, 0, 0.037488043308258056640625, 0.00000000113970788362394159776158630847930908203125, 0.99929702281951904296875, 0, 0.00194335938431322574615478515625, 0.00000000476837147544983963598497211933135986328125, -0.000820999150164425373077392578125, 1, },
			{ 0.998434126377105712890625, 0.000000000264403610117369680665433406829833984375, -0.0559400022029876708984375, 0, -0.000000000359289487050773459486663341522216796875, 1, -0.00000000168610714279537887705373577773571014404296875, 0, 0.0559400022029876708984375, 0.000000001703565288835307001136243343353271484375, 0.998434126377105712890625, 0, 0.00291503896005451679229736328125, 0.00000000476837147544983963598497211933135986328125, -0.001231155358254909515380859375, 1, },
			{ 0.99725043773651123046875, 0.000000000329801963516729301773011684417724609375, -0.074104391038417816162109375, 0, -0.000000000496410024197757593356072902679443359375, 1, -0.000000002229843421019950255868025124073028564453125, 0, 0.074104391038417816162109375, 0.0000000022604975669082705280743539333343505859375, 0.99725043773651123046875, 0, 0.0038867187686264514923095703125, 0.00000000476837147544983963598497211933135986328125, -0.001641616807319223880767822265625, 1, },
			{ 0.99576675891876220703125, 0.000000000384144271947661763988435268402099609375, -0.091916561126708984375, 0, -0.00000000064066085769809433259069919586181640625, 1, -0.000000002761233464099177581374533474445343017578125, 0, 0.091916561126708984375, 0.000000002808430377143622536095790565013885498046875, 0.99576675891876220703125, 0, 0.0048583983443677425384521484375, 0.00000000476837147544983963598497211933135986328125, -0.00205192551948130130767822265625, 1, },
			{ 0.994007408618927001953125, 0.000000000427821333914835122413933277130126953125, -0.10931290686130523681640625, 0, -0.0000000007909424226681949221529066562652587890625, 1, -0.000000003278489035807297113933600485324859619140625, 0, 0.10931290686130523681640625, 0.00000000334530181334002918447367846965789794921875, 0.994007408618927001953125, 0, 0.0058300779201090335845947265625, 0.00000000476837147544983963598497211933135986328125, -0.0024622343480587005615234375, 1, },
			{ 0.992000639438629150390625, 0.0000000004613447124324210335544194094836711883544921875, -0.1262333393096923828125, 0, -0.00000000094606800171703753221663646399974822998046875, 1, -0.000000003779947466142630219110287725925445556640625, 0, 0.1262333393096923828125, 0.000000003869134790335237994440831243991851806640625, 0.992000639438629150390625, 0, 0.0068017574958503246307373046875, 0.00000000476837147544983963598497211933135986328125, -0.00287269591353833675384521484375, 1, },
			{ 0.989777386188507080078125, 0.0000000004853433210882940329611301422119140625, -0.14262078702449798583984375, 0, -0.000000001104776714555555372498929500579833984375, 1, -0.000000004264051778335442577372305095195770263671875, 0, 0.14262078702449798583984375, 0.000000004378024609508202047436498105525970458984375, 0.989777386188507080078125, 0, 0.007774047553539276123046875, 0.00000000476837147544983963598497211933135986328125, -0.0032830047421157360076904296875, 1, },
			{ 0.98737180233001708984375, 0.000000000500534724778844974935054779052734375, -0.15841948986053466796875, 0, -0.00000000126573240777361206710338592529296875, 1, -0.00000000472929873041039172676391899585723876953125, 0, 0.15841948986053466796875, 0.0000000048700936616796752787195146083831787109375, 0.98737180233001708984375, 0, 0.008745727129280567169189453125, 0.00000000476837147544983963598497211933135986328125, -0.003693466074764728546142578125, 1, },
			{ 0.984820425510406494140625, 0.000000000507725417264737188816070556640625, -0.1735763847827911376953125, 0, -0.00000000142753009413354448042809963226318359375, 1, -0.000000005174291661802499220357276499271392822265625, 0, 0.1735763847827911376953125, 0.000000005343532283319518683128990232944488525390625, 0.984820425510406494140625, 0, 0.00971740670502185821533203125, 0.00000000476837147544983963598497211933135986328125, -0.004103775136172771453857421875, 1, },
			{ 0.982161223888397216796875, 0.000000000507792918824634398333728313446044921875, -0.188040912151336669921875, 0, -0.0000000015887309245954384095966815948486328125, 1, -0.000000005597704966220362621243111789226531982421875, 0, 0.188040912151336669921875, 0.00000000579659431565460181445814669132232666015625, 0.982161223888397216796875, 0, 0.010689086280763149261474609375, 0.00000000476837147544983963598497211933135986328125, -0.0045140837319195270538330078125, 1, },
			{ 0.979433834552764892578125, 0.000000000501671593156061135232448577880859375, -0.2017655670642852783203125, 0, -0.00000000174787284645816498596104793250560760498046875, 1, -0.000000005998321395139782907790504395961761474609375, 0, 0.2017655670642852783203125, 0.00000000622761842095087558845989406108856201171875, 0.979433834552764892578125, 0, 0.011660766787827014923095703125, 0.00000000476837147544983963598497211933135986328125, -0.00492454506456851959228515625, 1, },
			{ 0.976678907871246337890625, 0.00000000049033843652068753726780414581298828125, -0.21470479667186737060546875, 0, -0.0000000019034711584708929876796901226043701171875, 1, -0.00000000637498853706119916751049458980560302734375, 0, 0.21470479667186737060546875, 0.0000000066350001048931517289020121097564697265625, 0.976678907871246337890625, 0, 0.01263244636356830596923828125, 0.0000000095367429508996792719699442386627197265625, -0.0053348541259765625, 1, },
			{ 0.973938882350921630859375, 0.00000000047480597231697174720466136932373046875, -0.2268109023571014404296875, 0, -0.000000002053976544402758008800446987152099609375, 1, -0.000000006726496248887769979774020612239837646484375, 0, 0.2268109023571014404296875, 0.00000000701705982208977729897014796733856201171875, 0.973938882350921630859375, 0, 0.0122796632349491119384765625, 0.0000000095367429508996792719699442386627197265625, -0.0052454373799264430999755859375, 1, },
			{ 0.971254527568817138671875, 0.0000000004560938016151538931808318011462688446044921875, -0.2380435764789581298828125, 0, -0.0000000021979236208835573052056133747100830078125, 1, -0.00000000705185332350311000482179224491119384765625, 0, 0.2380435764789581298828125, 0.0000000073723445126461228937841951847076416015625, 0.971254527568817138671875, 0, 0.01192626915872097015380859375, 0.00000000476837147544983963598497211933135986328125, -0.0051557156257331371307373046875, 1, },
			{ 0.968667209148406982421875, 0.0000000004352358196069161522245849482715129852294921875, -0.24836196005344390869140625, 0, -0.000000002333830906309231068007647991180419921875, 1, -0.00000000735005034613323005032725632190704345703125, 0, 0.24836196005344390869140625, 0.000000007699387793991263606585562229156494140625, 0.968667209148406982421875, 0, 0.011572876013815402984619140625, 0.00000000476837147544983963598497211933135986328125, -0.0050662993453443050384521484375, 1, },
			{ 0.96621763706207275390625, 0.000000000413223233408643864095211029052734375, -0.25772750377655029296875, 0, -0.000000002460257775283025694079697132110595703125, 1, -0.0000000076201462917424578336067497730255126953125, 0, 0.25772750377655029296875, 0.0000000079967943378278505406342446804046630859375, 0.96621763706207275390625, 0, 0.011220092885196208953857421875, 0.00000000476837147544983963598497211933135986328125, -0.004976882599294185638427734375, 1, },
			{ 0.963943898677825927734375, 0.0000000003910400614426379206634010188281536102294921875, -0.26610553264617919921875, 0, -0.0000000025758506438933181925676763057708740234375, 1, -0.000000007861302719902596436440944671630859375, 0, 0.26610553264617919921875, 0.000000008263302930799909518100321292877197265625, 0.963943898677825927734375, 0, 0.010866698808968067169189453125, 0.00000000476837147544983963598497211933135986328125, -0.004887313582003116607666015625, 1, },
			{ 0.96188318729400634765625, 0.0000000003696101202876889146864414215087890625, -0.27346074581146240234375, 0, -0.000000002679289679008434177376329898834228515625, 1, -0.00000000807265809754653673735447227954864501953125, 0, 0.27346074581146240234375, 0.0000000084976345959830723586492240428924560546875, 0.96188318729400634765625, 0, 0.01051269471645355224609375, 0.00000000476837147544983963598497211933135986328125, -0.004797744564712047576904296875, 1, },
			{ 0.960068404674530029296875, 0.0000000003497717393496913018680061213672161102294921875, -0.27976524829864501953125, 0, -0.0000000027694166959690846852026879787445068359375, 1, -0.00000000825355161993002184317447245121002197265625, 0, 0.27976524829864501953125, 0.00000000869875993458890661713667213916778564453125, 0.960068404674530029296875, 0, 0.01015991158783435821533203125, 0.00000000476837147544983963598497211933135986328125, -0.004708175547420978546142578125, 1, },
			{ 0.958530426025390625, 0.000000000332303073946604854427278041839599609375, -0.2849902808666229248046875, 0, -0.0000000028451410116758779622614383697509765625, 1, -0.00000000840328251427990835509262979030609130859375, 0, 0.2849902808666229248046875, 0.00000000886563977786636314704082906246185302734375, 0.958530426025390625, 0, 0.0098071284592151641845703125, 0.00000000476837147544983963598497211933135986328125, -0.004618759267032146453857421875, 1, },
			{ 0.957293987274169921875, 0.000000000317843529273886815644800662994384765625, -0.2891161739826202392578125, 0, -0.0000000029056028694185442873276770114898681640625, 1, -0.0000000085213951450668901088647544384002685546875, 0, 0.2891161739826202392578125, 0.00000000899753604954867114429362118244171142578125, 0.957293987274169921875, 0, 0.009453735314309597015380859375, 0.00000000476837147544983963598497211933135986328125, -0.0045293425209820270538330078125, 1, },
			{ 0.95638120174407958984375, 0.0000000003069402509936480782926082611083984375, -0.29212176799774169921875, 0, -0.000000002950013566760389949195086956024169921875, 1, -0.000000008607369039737022831104695796966552734375, 0, 0.29212176799774169921875, 0.000000009093685804373308201320469379425048828125, 0.95638120174407958984375, 0, 0.009100341238081455230712890625, 0.00000000476837147544983963598497211933135986328125, -0.0044396207667887210845947265625, 1, },
			{ 0.9558069705963134765625, 0.0000000002999875625686598823449457995593547821044921875, -0.293994963169097900390625, 0, -0.000000002977852631147470674477517604827880859375, 1, -0.0000000086609208693744221818633377552032470703125, 0, 0.293994963169097900390625, 0.0000000091536396240599060547538101673126220703125, 0.9558069705963134765625, 0, 0.0087469480931758880615234375, 0.00000000476837147544983963598497211933135986328125, -0.0043502044863998889923095703125, 1, },
			{ 0.9555816650390625, 0.000000000297237789936843910254538059234619140625, -0.2947262227535247802734375, 0, -0.000000002988752356714030611328780651092529296875, 1, -0.000000008681819707589966128580272197723388671875, 0, 0.2947262227535247802734375, 0.00000000917705023084636195562779903411865234375, 0.9555816650390625, 0, 0.008393554948270320892333984375, 0.00000000476837147544983963598497211933135986328125, -0.00426078774034976959228515625, 1, },
			{ 0.955708980560302734375, 0.000000000298793878528158529661595821380615234375, -0.29431307315826416015625, 0, -0.0000000029825937275518299429677426815032958984375, 1, -0.000000008670010487321633263491094112396240234375, 0, 0.29431307315826416015625, 0.000000009163823477820187690667808055877685546875, 0.955708980560302734375, 0, 0.00804077088832855224609375, 0.00000000476837147544983963598497211933135986328125, -0.004171065986156463623046875, 1, },
			{ 0.95618712902069091796875, 0.000000000304599012679318548180162906646728515625, -0.2927563190460205078125, 0, -0.0000000029594333650351245523779653012752532958984375, 1, -0.0000000086255109721378175891004502773284912109375, 0, 0.2927563190460205078125, 0.000000009113993115761331864632666110992431640625, 0.95618712902069091796875, 0, 0.007687377743422985076904296875, 0.00000000476837147544983963598497211933135986328125, -0.00408164970576763153076171875, 1, },
			{ 0.95700740814208984375, 0.000000000314440029569595935754477977752685546875, -0.290063381195068359375, 0, -0.000000002919563257819390855729579925537109375, 1, -0.0000000085484970213656197302043437957763671875, 0, 0.290063381195068359375, 0.00000000902783181544464241596870124340057373046875, 0.95700740814208984375, 0, 0.0073339841328561305999755859375, 0.00000000476837147544983963598497211933135986328125, -0.0039922329597175121307373046875, 1, },
			{ 0.958156406879425048828125, 0.000000000327968763258468243293464183807373046875, -0.2862451970577239990234375, 0, -0.0000000028634676851879703463055193424224853515625, 1, -0.000000008439219101319395122118294239044189453125, 0, 0.2862451970577239990234375, 0.0000000089057454744079223019070923328399658203125, 0.958156406879425048828125, 0, 0.0069812010042369365692138671875, 0.00000000476837147544983963598497211933135986328125, -0.00390266417525708675384521484375, 1, },
			{ 0.959613740444183349609375, 0.000000000344670070262509398162364959716796875, -0.281321108341217041015625, 0, -0.0000000027918678480176595257944427430629730224609375, 1, -0.00000000829815416381052273209206759929656982421875, 0, 0.281321108341217041015625, 0.00000000874843397724589522113092243671417236328125, 0.959613740444183349609375, 0, 0.0066271969117224216461181640625, 0.00000000476837147544983963598497211933135986328125, -0.0038130949251353740692138671875, 1, },
			{ 0.961355686187744140625, 0.00000000036393288382896571420133113861083984375, -0.2753092348575592041015625, 0, -0.0000000027055742091164347584708593785762786865234375, 1, -0.0000000081257240935883601196110248565673828125, 0, 0.2753092348575592041015625, 0.000000008556579444984890869818627834320068359375, 0.961355686187744140625, 0, 0.0062744137831032276153564453125, 0.00000000476837147544983963598497211933135986328125, -0.0037235259078443050384521484375, 1, },
			{ 0.96335315704345703125, 0.000000000385018239512646687217056751251220703125, -0.2682361602783203125, 0, -0.0000000026056259372353451908566057682037353515625, 1, -0.000000007922562161866153473965823650360107421875, 0, 0.2682361602783203125, 0.00000000833114821574554298422299325466156005859375, 0.96335315704345703125, 0, 0.0059216306544840335845947265625, 0.00000000476837147544983963598497211933135986328125, -0.00363410939462482929229736328125, 1, },
			{ 0.96557343006134033203125, 0.000000000407101907740070600993931293487548828125, -0.2601306736469268798828125, 0, -0.0000000024931734454725074101588688790798187255859375, 1, -0.00000000768936470052494769333861768245697021484375, 0, 0.2601306736469268798828125, 0.00000000807319633366887501324526965618133544921875, 0.96557343006134033203125, 0, 0.005568237043917179107666015625, 0.00000000476837147544983963598497211933135986328125, -0.003544692881405353546142578125, 1, },
			{ 0.967980444431304931640625, 0.0000000004292743660538889116651262156665325164794921875, -0.25102531909942626953125, 0, -0.000000002369485940789672895334661006927490234375, 1, -0.000000007426915527020128138246946036815643310546875, 0, 0.25102531909942626953125, 0.00000000778391040512360632419586181640625, 0.967980444431304931640625, 0, 0.0052142334170639514923095703125, 0.00000000476837147544983963598497211933135986328125, -0.003454971127212047576904296875, 1, },
			{ 0.97053635120391845703125, 0.000000000450565806886515929363667964935302734375, -0.240954577922821044921875, 0, -0.0000000022359092355372922611422836780548095703125, 1, -0.000000007136045088174114425783045589923858642578125, 0, 0.240954577922821044921875, 0.00000000746454364985993379377759993076324462890625, 0.97053635120391845703125, 0, 0.0048614502884447574615478515625, 0.00000000476837147544983963598497211933135986328125, -0.003365554846823215484619140625, 1, },
			{ 0.973200976848602294921875, 0.000000000469984939854839467443525791168212890625, -0.2299564182758331298828125, 0, -0.0000000020938699663020088337361812591552734375, 1, -0.000000006817684639059962137253023684024810791015625, 0, 0.2299564182758331298828125, 0.000000007116474964874441866413690149784088134765625, 0.973200976848602294921875, 0, 0.004508056677877902984619140625, 0.00000000476837147544983963598497211933135986328125, -0.00327598559670150279998779296875, 1, },
			{ 0.975933015346527099609375, 0.00000000048650150574758299626410007476806640625, -0.21807064116001129150390625, 0, -0.0000000019448354038331672200001776218414306640625, 1, -0.000000006472806290958033059723675251007080078125, 0, 0.21807064116001129150390625, 0.000000006741136093779687143978662788867950439453125, 0.975933015346527099609375, 0, 0.004155273549258708953857421875, 0.00000000476837147544983963598497211933135986328125, -0.0031865690834820270538330078125, 1, },
			{ 0.978690922260284423828125, 0.000000000499085217597894370555877685546875, -0.20533882081508636474609375, 0, -0.000000001790301240589542430825531482696533203125, 1, -0.000000006102440774924389188527129590511322021484375, 0, 0.20533882081508636474609375, 0.000000006340020064499185536988079547882080078125, 0.978690922260284423828125, 0, 0.00380187970586121082305908203125, 0.00000000476837147544983963598497211933135986328125, -0.0030970000661909580230712890625, 1, },
			{ 0.9814331531524658203125, 0.000000000506716391068806615294306538999080657958984375, -0.1918046772480010986328125, 0, -0.00000000163177193979180401584017090499401092529296875, 1, -0.0000000057076778858800025773234665393829345703125, 0, 0.1918046772480010986328125, 0.0000000059146838538026713649742305278778076171875, 0.9814331531524658203125, 0, 0.003448486328125, 0.00000000476837147544983963598497211933135986328125, -0.0030074310488998889923095703125, 1, },
			{ 0.984117925167083740234375, 0.000000000508407482779915653736679814755916595458984375, -0.1775163710117340087890625, 0, -0.0000000014707790541024223784916102886199951171875, 1, -0.000000005289745530490108649246394634246826171875, 0, 0.1775163710117340087890625, 0.000000005466819441579673366504721343517303466796875, 0.984117925167083740234375, 0, 0.0030950927175581455230712890625, 0.00000000476837147544983963598497211933135986328125, -0.00291786179877817630767822265625, 1, },
			{ 0.98670542240142822265625, 0.000000000503195707324266550131142139434814453125, -0.16251933574676513671875, 0, -0.0000000013087824157764771371148526668548583984375, 1, -0.000000004849798340700317567097954452037811279296875, 0, 0.16251933574676513671875, 0.00000000499802421671802221680991351604461669921875, 0.98670542240142822265625, 0, 0.002741699106991291046142578125, 0.00000000476837147544983963598497211933135986328125, -0.00282829278148710727691650390625, 1, },
			{ 0.98915660381317138671875, 0.000000000490192775259856716729700565338134765625, -0.14686478674411773681640625, 0, -0.000000001147245853871936560608446598052978515625, 1, -0.000000004389172136853858319227583706378936767578125, 0, 0.14686478674411773681640625, 0.00000000451006787471897041541524231433868408203125, 0.98915660381317138671875, 0, 0.002388915978372097015380859375, 0.00000000476837147544983963598497211933135986328125, -0.00273887626826763153076171875, 1, },
			{ 0.991434514522552490234375, 0.000000000468563854383319267071783542633056640625, -0.1306047737598419189453125, 0, -0.000000000987586901146642048843204975128173828125, 1, -0.000000003909235157806278948555700480937957763671875, 0, 0.1306047737598419189453125, 0.000000004004732101492436413536779582500457763671875, 0.991434514522552490234375, 0, 0.0020355223678052425384521484375, 0.00000000476837147544983963598497211933135986328125, -0.00264945975504815578460693359375, 1, },
			{ 0.99350416660308837890625, 0.000000000437562874822106095962226390838623046875, -0.11379523575305938720703125, 0, -0.0000000008311733523669317946769297122955322265625, 1, -0.000000003411486648730033266474492847919464111328125, 0, 0.11379523575305938720703125, 0.0000000034839089391169864029507152736186981201171875, 0.99350416660308837890625, 0, 0.0016827392391860485076904296875, 0.00000000476837147544983963598497211933135986328125, -0.00255989073775708675384521484375, 1, },
			{ 0.99533367156982421875, 0.000000000396536137259317911230027675628662109375, -0.0964922606945037841796875, 0, -0.000000000679285905302862147436826489865779876708984375, 1, -0.000000002897452500150166088133119046688079833984375, 0, 0.0964922606945037841796875, 0.0000000029494764408610762984608300030231475830078125, 0.99533367156982421875, 0, 0.00132873537950217723846435546875, 0.00000000476837147544983963598497211933135986328125, -0.0024703214876353740692138671875, 1, },
			{ 0.996893823146820068359375, 0.00000000034493297107474063523113727569580078125, -0.078756153583526611328125, 0, -0.000000000533143251768564141457318328320980072021484375, 1, -0.000000002368791829354677247465588152408599853515625, 0, 0.078756153583526611328125, 0.000000002403421461849575280211865901947021484375, 0.996893823146820068359375, 0, 0.00097534176893532276153564453125, 0.00000000476837147544983963598497211933135986328125, -0.0023809052072465419769287109375, 1, },
			{ 0.99815928936004638671875, 0.000000000282323497913239407353103160858154296875, -0.0606481097638607025146484375, 0, -0.00000000039386094385918113403022289276123046875, 1, -0.00000000182721870967128552365466021001338958740234375, 0, 0.0606481097638607025146484375, 0.00000000184774051614766676721046678721904754638671875, 0.99815928936004638671875, 0, 0.0006231689476408064365386962890625, 0.00000000476837147544983963598497211933135986328125, -0.00229133595712482929229736328125, 1, },
			{ 0.999107658863067626953125, 0.000000000208416395253152586519718170166015625, -0.04223597049713134765625, 0, -0.0000000002624851169752417945346678607165813446044921875, 1, -0.000000001274666150408165776752866804599761962890625, 0, 0.04223597049713134765625, 0.000000001284613748708807179355062544345855712890625, 0.999107658863067626953125, 0, 0.000269775395281612873077392578125, 0.00000000476837147544983963598497211933135986328125, -0.002201919443905353546142578125, 1, },
			{ 0.999721705913543701171875, 0.00000000012305889640629175119102001190185546875, -0.023586928844451904296875, 0, -0.000000000139916522812200128100812435150146484375, 1, -0.000000000713072267899406142532825469970703125, 0, 0.023586928844451904296875, 0.000000000716173342851789129781536757946014404296875, 0.999721705913543701171875, 0, -0.0000842285153339616954326629638671875, 0.00000000476837147544983963598497211933135986328125, -0.00211219792254269123077392578125, 1, },
			{ 0.999988615512847900390625, 0.000000000026251001372656901367008686065673828125, -0.004770576953887939453125, 0, -0.000000000026940227826344198547303676605224609375, 1, -0.000000000144472434016051920480094850063323974609375, 0, 0.004770576953887939453125, 0.00000000014459898556307138051124638877809047698974609375, 0.999988615512847900390625, 0, -0.00043701170943677425384521484375, 0.00000000476837147544983963598497211933135986328125, -0.002022781409323215484619140625, 1, },
			{ 0.999900043010711669921875, -0.000000000081836759591169538907706737518310546875, 0.0141370594501495361328125, 0, 0.000000000075782935482493485324084758758544921875, 1, 0.0000000004288724653189746049974928610026836395263671875, 0, -0.0141370594501495361328125, -0.0000000004277591336698804980187560431659221649169921875, 0.999900043010711669921875, 0, -0.001495361328125, 0.00000000476837147544983963598497211933135986328125, -0.001667098957113921642303466796875, 1, },
			{ 0.999453365802764892578125, -0.00000000020087041752159251473131007514894008636474609375, 0.0330617427825927734375, 0, 0.00000000016774492905824445188045501708984375, 1, 0.000000001004732741449743116390891373157501220703125, 0, -0.0330617427825927734375, -0.00000000099863706193303869440569542348384857177734375, 0.999453365802764892578125, 0, -0.0025543211959302425384521484375, 0.00000000476837147544983963598497211933135986328125, -0.0013117217458784580230712890625, 1, },
			{ 0.998651027679443359375, -0.0000000003303206319582585592797840945422649383544921875, 0.0519228875637054443359375, 0, 0.00000000024858337610567105002701282501220703125, 1, 0.00000000158064794586465495740412734448909759521484375, 0, -0.0519228875637054443359375, -0.000000001565609419884594899485819041728973388671875, 0.998651027679443359375, 0, -0.00361267081461846828460693359375, 0.00000000476837147544983963598497211933135986328125, -0.0009561919723637402057647705078125, 1, },
			{ 0.9975016117095947265625, -0.000000000469505267997050168560235761106014251708984375, 0.0706430375576019287109375, 0, 0.00000000031811708822715445421636104583740234375, 1, 0.0000000021542263528573357689310796558856964111328125, 0, -0.0706430375576019287109375, -0.00000000212637285557093491661362349987030029296875, 0.9975016117095947265625, 0, -0.0046704099513590335845947265625, 0.00000000476837147544983963598497211933135986328125, -0.000600662198849022388458251953125, 1, },
			{ 0.99601924419403076171875, -0.0000000006175238098649060702882707118988037109375, 0.0891385972499847412109375, 0, 0.00000000037631053828590665943920612335205078125, 1, 0.000000002722857939119194270460866391658782958984375, 0, -0.0891385972499847412109375, -0.00000000267847521939756916253827512264251708984375, 0.99601924419403076171875, 0, -0.005729369819164276123046875, 0.00000000476837147544983963598497211933135986328125, -0.000244979863055050373077392578125, 1, },
			{ 0.99422347545623779296875, -0.000000000773344055460256640799343585968017578125, 0.1073302328586578369140625, 0, 0.000000000423316492970116087235510349273681640625, 1, 0.0000000032840274943879421698511578142642974853515625, 0, -0.1073302328586578369140625, -0.0000000032196234567294368389411829411983489990234375, 0.99422347545623779296875, 0, -0.0067877196706831455230712890625, 0.00000000476837147544983963598497211933135986328125, 0.000110397333628498017787933349609375, 1, },
			{ 0.992139875888824462890625, -0.0000000009357137287224759347736835479736328125, 0.1251331269741058349609375, 0, 0.0000000004594369051869051645553554408252239227294921875, 1, 0.000000003835023409948234984767623245716094970703125, 0, -0.1251331269741058349609375, -0.00000000374738906572247287840582430362701416015625, 0.992139875888824462890625, 0, -0.007846069522202014923095703125, 0.00000000476837147544983963598497211933135986328125, 0.00046607971307821571826934814453125, 1, },
			{ 0.989799082279205322265625, -0.0000000011032827984536197618581354618072509765625, 0.1424701511859893798828125, 0, 0.000000000485162132690675207413733005523681640625, 1, 0.000000004373339468344283886835910379886627197265625, 0, -0.1424701511859893798828125, -0.00000000425960688943405330064706504344940185546875, 0.989799082279205322265625, 0, -0.00890502892434597015380859375, 0.00000000476837147544983963598497211933135986328125, 0.0008216094574891030788421630859375, 1, },
			{ 0.98723697662353515625, -0.0000000012745005051328917033970355987548828125, 0.1592586934566497802734375, 0, 0.000000000501124419738374626831500791013240814208984375, 1, 0.000000004896271388332706919754855334758758544921875, 0, -0.1592586934566497802734375, -0.00000000475397410326650060596875846385955810546875, 0.98723697662353515625, 0, -0.00996337831020355224609375, 0.00000000476837147544983963598497211933135986328125, 0.0011772918514907360076904296875, 1, },
			{ 0.9844930171966552734375, -0.0000000014477503640364375314675271511077880859375, 0.175423920154571533203125, 0, 0.000000000508105557628368842415511608123779296875, 1, 0.000000005401333158516763432999141514301300048828125, 0, -0.175423920154571533203125, -0.00000000522844079142714690533466637134552001953125, 0.9844930171966552734375, 0, -0.011021117679774761199951171875, 0.00000000476837147544983963598497211933135986328125, 0.001532669062726199626922607421875, 1, },
			{ 0.981610715389251708984375, -0.000000001621312861743717803619801998138427734375, 0.19089353084564208984375, 0, 0.000000000507018427242655889131128787994384765625, 1, 0.000000005886089393669635683181695640087127685546875, 0, -0.19089353084564208984375, -0.00000000568106184317684892448596656322479248046875, 0.981610715389251708984375, 0, -0.012080078013241291046142578125, 0.00000000476837147544983963598497211933135986328125, 0.00188819877803325653076171875, 1, },
			{ 0.978637039661407470703125, -0.0000000017933672324943472631275653839111328125, 0.2055957615375518798828125, 0, 0.000000000498882712918202742002904415130615234375, 1, 0.000000006348104708564505926915444433689117431640625, 0, -0.2055957615375518798828125, -0.00000000610992234584273319342173635959625244140625, 0.978637039661407470703125, 0, -0.013138427399098873138427734375, 0.00000000476837147544983963598497211933135986328125, 0.00224372860975563526153564453125, 1, },
			{ 0.975619792938232421875, -0.00000000196211402681001345627009868621826171875, 0.21946765482425689697265625, 0, 0.000000000484799755895437556318938732147216796875, 1, 0.000000006785209283322046758257783949375152587890625, 0, -0.21946765482425689697265625, -0.0000000065133871629541317815892398357391357421875, 0.975619792938232421875, 0, -0.01283019967377185821533203125, 0.00000000476837147544983963598497211933135986328125, 0.0020841215737164020538330078125, 1, },
			{ 0.972609221935272216796875, -0.0000000021256791882251491188071668148040771484375, 0.232446491718292236328125, 0, 0.000000000465941951688364497385919094085693359375, 1, 0.000000007195214646316117068636231124401092529296875, 0, -0.232446491718292236328125, -0.00000000688982826346773435943759977817535400390625, 0.972609221935272216796875, 0, -0.012522582896053791046142578125, 0.00000000476837147544983963598497211933135986328125, 0.00192420952953398227691650390625, 1, },
			{ 0.9696543216705322265625, -0.00000000228228458354351460002362728118896484375, 0.2444799244403839111328125, 0, 0.0000000004434958789101273168853367678821086883544921875, 1, 0.0000000075762702778092716471292078495025634765625, 0, -0.2444799244403839111328125, -0.00000000723793736057132264249958097934722900390625, 0.9696543216705322265625, 0, -0.012215576134622097015380859375, 0.00000000476837147544983963598497211933135986328125, 0.0017642974853515625, 1, },
			{ 0.966804087162017822265625, -0.00000000243017694856462185271084308624267578125, 0.25551855564117431640625, 0, 0.000000000418680201619281433522701263427734375, 1, 0.0000000079266033736757890437729656696319580078125, 0, -0.25551855564117431640625, -0.00000000755649320893780895858071744441986083984375, 0.966804087162017822265625, 0, -0.011906738393008708953857421875, 0.00000000476837147544983963598497211933135986328125, 0.001604385324753820896148681640625, 1, },
			{ 0.964105784893035888671875, -0.0000000025676722970047194394282996654510498046875, 0.2655181884765625, 0, 0.000000000392674337490461766719818115234375, 1, 0.0000000082446067750652218819595873355865478515625, 0, -0.2655181884765625, -0.00000000784441045453831975464709103107452392578125, 0.964105784893035888671875, 0, -0.011599120683968067169189453125, 0.00000000476837147544983963598497211933135986328125, 0.001444625784642994403839111328125, 1, },
			{ 0.96160399913787841796875, -0.0000000026932109875588139402680099010467529296875, 0.2744407951831817626953125, 0, 0.0000000003666151549008844767740811221301555633544921875, 1, 0.0000000085288842655018015648238360881805419921875, 0, -0.2744407951831817626953125, -0.00000000810079736623947610496543347835540771484375, 0.96160399913787841796875, 0, -0.011292113922536373138427734375, 0.00000000476837147544983963598497211933135986328125, 0.001284713740460574626922607421875, 1, },
			{ 0.9593398571014404296875, -0.0000000028053610545697438283241353929042816162109375, 0.28225338459014892578125, 0, 0.00000000034157210393459536135196685791015625, 1, 0.00000000877820838240950251929461956024169921875, 0, -0.28225338459014892578125, -0.0000000083248750115672009997069835662841796875, 0.9593398571014404296875, 0, -0.01098388619720935821533203125, 0.00000000476837147544983963598497211933135986328125, 0.0011248015798628330230712890625, 1, },
			{ 0.957349956035614013671875, -0.0000000029028708325995467021130025386810302734375, 0.288930594921112060546875, 0, 0.000000000318504334018143708817660808563232421875, 1, 0.000000008991602129526654607616364955902099609375, 0, -0.288930594921112060546875, -0.00000000851608294993866365985013544559478759765625, 0.957349956035614013671875, 0, -0.010628662072122097015380859375, 0.00000000476837147544983963598497211933135986328125, 0.001090621924959123134613037109375, 1, },
			{ 0.955667793750762939453125, -0.000000002984588576282476424239575862884521484375, 0.2944469451904296875, 0, 0.00000000029829294589944765903055667877197265625, 1, 0.000000009168108050516821094788610935211181640625, 0, -0.2944469451904296875, -0.00000000867383587177528170286677777767181396484375, 0.955667793750762939453125, 0, -0.010274047963321208953857421875, 0.00000000476837147544983963598497211933135986328125, 0.00105644227005541324615478515625, 1, },
			{ 0.9543197154998779296875, -0.0000000030496296599125116699724458158016204833984375, 0.2987873852252960205078125, 0, 0.0000000002816449296005885116755962371826171875, 1, 0.0000000093071292894819634966552257537841796875, 0, -0.2987873852252960205078125, -0.00000000879782557916541918530128896236419677734375, 0.9543197154998779296875, 0, -0.00991943292319774627685546875, 0.00000000476837147544983963598497211933135986328125, 0.00102210999466478824615478515625, 1, },
			{ 0.953327953815460205078125, -0.0000000030972360232084383824258111417293548583984375, 0.3019368946552276611328125, 0, 0.00000000026915358830592595040798187255859375, 1, 0.0000000094080814250219191308133304119110107421875, 0, -0.3019368946552276611328125, -0.00000000888771989338010826031677424907684326171875, 0.953327953815460205078125, 0, -0.009564208798110485076904296875, 0.00000000476837147544983963598497211933135986328125, 0.00098793022334575653076171875, 1, },
			{ 0.952708423137664794921875, -0.0000000031268709843601527609280310571193695068359375, 0.3038859069347381591796875, 0, 0.000000000261248800370594835840165615081787109375, 1, 0.0000000094705843167730563436634838581085205078125, 0, -0.3038859069347381591796875, -0.0000000089433154215612375992350280284881591796875, 0.952708423137664794921875, 0, -0.009208983741700649261474609375, 0.00000000476837147544983963598497211933135986328125, 0.0009534453856758773326873779296875, 1, },
			{ 0.952619850635528564453125, -0.0000000031311004899947647572844289243221282958984375, 0.3041635453701019287109375, 0, 0.000000000260111931993378675542771816253662109375, 1, 0.0000000094794874172521303989924490451812744140625, 0, -0.3041635453701019287109375, -0.00000000895123175581602481543086469173431396484375, 0.952619850635528564453125, 0, -0.00849853456020355224609375, 0.00000000476837147544983963598497211933135986328125, 0.0008849334553815424442291259765625, 1, },
			{ 0.953152120113372802734375, -0.000000003105650847601282293908298015594482421875, 0.302491128444671630859375, 0, 0.000000000266918931401960435323417186737060546875, 1, 0.0000000094258520988432792364619672298431396484375, 0, -0.302491128444671630859375, -0.0000000089035321337860295898281037807464599609375, 0.953152120113372802734375, 0, -0.0081439204514026641845703125, 0.00000000476837147544983963598497211933135986328125, 0.0008506011799909174442291259765625, 1, },
