function data()
return {
	times = { 0, 41.667, 83.333, 125, 166.667, 208.333, 250, 291.667, 333.333, 375, 416.667, 458.333, 500, 541.667, 583.333, 625, 666.667, 708.333, 750, 791.667, 833.333, 875, 916.667, 958.333, 1000, 1041.667, 1083.333, 1125, 1166.667, 1208.333, 1250, 1291.667, 1333.333, 1375, 1416.667, 1458.333, 1500, 1541.667, 1583.333, 1625, 1666.667, 1708.333, 1750, 1791.667, 1833.333, 1875, 1916.667, 1958.333, 2000, 2083.333, 2125, 2166.667, 2208.333, 2250, 2291.667, 2333.333, 2375, 2416.667, 2458.333, 2500, 2541.667, 2583.333, 2625, 2666.667, 2708.333, 2750, 2791.667, 2833.333, 2875, 2916.667, 2958.333, 3000, 3041.667, 3083.333, 3125, 3166.667, 3208.333, 3250, 3291.667, 3333.333, 3375, 3416.667, 3458.333, 3500, 3541.667, 3583.333, 3625, 3666.667, 3708.333, 3750, 3791.667, 3833.333, 3875, 3916.667, 3958.333, 4166.667, },
	transfs = {
		{ 1, 0, -3.5644499026199e-16, 0, 3.5527136788005e-15, 0.99999988079071, 0, 0, -3.5644493732243e-16, 0, 1, 0, 0, 3.0517577442879e-07, -1.9073485191257e-07, 1, },
		{ 0.99999839067459, 2.0222046259732e-11, -0.0017732083797455, 0, -9.6207486421918e-12, 0.99999988079071, -5.5141665539216e-11, 0, 0.0017732083797455, 1.1702994129337e-10, 0.99999839067459, 0, 0, 3.0517577442879e-07, -1.9073485191257e-07, 1, },
		{ 0.99997985363007, 7.143796665332e-11, -0.0063494443893433, 0, -3.491962274893e-11, 0.99999988079071, -1.9737143863718e-10, 0, 0.0063494443893433, 4.1922021409846e-10, 0.99997985363007, 0, 0, 3.0517577442879e-07, -1.9073485191257e-07, 1, },
		{ 0.99992042779922, 1.3932321962784e-10, -0.012614606879652, 0, -7.061018436616e-11, 0.99999988079071, -3.9190872769268e-10, 0, 0.012614606879652, 8.3332984956996e-10, 0.99992042779922, 0, 0, 3.0517577442879e-07, -1.9073485191257e-07, 1, },
		{ 0.99981075525284, 2.104698637595e-10, -0.019453821703792, 0, -1.1096189939108e-10, 0.99999988079071, -6.0402921553404e-10, 0, 0.019453821703792, 1.2858976106145e-09, 0.99981075525284, 0, 0, 3.0517577442879e-07, -1.9073485191257e-07, 1, },
		{ 0.99966824054718, 2.7325339213569e-10, -0.02575296163559, 0, -1.4942003190299e-10, 0.99999988079071, -7.9917400475082e-10, 0, 0.02575296163559, 1.7031993593264e-09, 0.99966824054718, 0, 0, 3.0517577442879e-07, -1.9073485191257e-07, 1, },
		{ 0.99952846765518, 3.207745180589e-10, -0.030703991651535, 0, -1.8051336814207e-10, 0.99999988079071, -9.5240482167469e-10, 0, 0.030703991651535, 2.0315127358117e-09, 0.99952846765518, 0, 0, 3.0517577442879e-07, -1.9073485191257e-07, 1, },
		{ 0.99939703941345, 3.5814906595988e-10, -0.034721907228231, 0, -2.0630253061427e-10, 0.99999988079071, -1.0766596503231e-09, 0, 0.034721907228231, 2.2981581082604e-09, 0.99939703941345, 0, 0, 3.0517577442879e-07, -1.9073485191257e-07, 1, },
		{ 0.99925750494003, 3.9255351746981e-10, -0.038527816534042, 0, -2.3120348691119e-10, 0.99999988079071, -1.1942762334627e-09, 0, 0.038527816534042, 2.5508999357271e-09, 0.99925750494003, 0, 0, 3.0517577442879e-07, -1.9073485191257e-07, 1, },
		{ 0.99908196926117, 4.3041126218668e-10, -0.042841613292694, 0, -2.5996627073255e-10, 0.99999988079071, -1.3274941146335e-09, 0, 0.042841613292694, 2.8375746197185e-09, 0.99908196926117, 0, 0, 3.0517577442879e-07, -1.9073485191257e-07, 1, },
		{ 0.99882882833481, 4.7722181761856e-10, -0.048383291810751, 0, -2.9777069698866e-10, 0.99999988079071, -1.4984848917265e-09, 0, 0.048383291810751, 3.2061624466451e-09, 0.99882882833481, 0, 0, 3.0517577442879e-07, -1.9073485191257e-07, 1, },
		{ 0.99844998121262, 5.3555737622446e-10, -0.055654674768448, 0, -3.4882674526671e-10, 0.99999988079071, -1.7225927351205e-09, 0, 0.055654674768448, 3.6903313738179e-09, 0.99844998121262, 0, 0, 3.0517577442879e-07, -1.9073485191257e-07, 1, },
		{ 0.99793124198914, 6.0028776394105e-10, -0.064289540052414, 0, -4.1160672092921e-10, 0.99999988079071, -1.9883499291495e-09, 0, 0.064289540052414, 4.2660772692216e-09, 0.99793124198914, 0, 0, 3.0517577442879e-07, -1.9073485191257e-07, 1, },
		{ 0.99728012084961, 6.6522432007332e-10, -0.073704868555069, 0, -4.8271431296598e-10, 0.99999988079071, -2.2776669439395e-09, 0, 0.073704868555069, 4.8948440856122e-09, 0.99728012084961, 0, 0, 3.0517577442879e-07, -1.9073485191257e-07, 1, },
		{ 0.99652296304703, 7.2543571150163e-10, -0.083318814635277, 0, -5.5819526778578e-10, 0.99999988079071, -2.5725892527362e-09, 0, 0.083318814635277, 5.5379296703961e-09, 0.99652296304703, 0, 0, 3.0517577442879e-07, -1.9073485191257e-07, 1, },
		{ 0.99570798873901, 7.7746159510284e-10, -0.092550531029701, 0, -6.3340621636598e-10, 0.99999988079071, -2.8553124309383e-09, 0, 0.092550531029701, 6.1564602304998e-09, 0.99570798873901, 0, 0, 3.0517577442879e-07, -1.9073485191257e-07, 1, },
		{ 0.99489092826843, 8.1986684108415e-10, -0.10095511376858, 0, -7.0421535269816e-10, 0.99999988079071, -3.1122979748943e-09, 0, 0.10095511376858, 6.7204291021028e-09, 0.99489092826843, 0, 0, 3.0517577442879e-07, -1.9073485191257e-07, 1, },
		{ 0.99408310651779, 8.5443474517888e-10, -0.1086223423481, 0, -7.7076123261577e-10, 0.99999988079071, -3.3463967152869e-09, 0, 0.1086223423481, 7.2356356461967e-09, 0.99408310651779, 0, 0, 3.0517577442879e-07, -1.9073485191257e-07, 1, },
		{ 0.99327546358109, 8.8311224999416e-10, -0.11577515304089, 0, -8.3451467958184e-10, 0.99999988079071, -3.5645006946083e-09, 0, 0.11577515304089, 7.7168955670004e-09, 0.99327546358109, 0, 0, 3.0517577442879e-07, -1.9073485191257e-07, 1, },
		{ 0.992451608181, 9.0737728442036e-10, -0.12263603508472, 0, -8.9719515150577e-10, 0.99999988079071, -3.7734393387723e-09, 0, 0.12263603508472, 8.1790769712597e-09, 0.992451608181, 0, 0, 3.0517577442879e-07, -1.9073485191257e-07, 1, },
		{ 0.99158900976181, 9.2826718534056e-10, -0.12942655384541, 0, -9.6070706945284e-10, 0.99999988079071, -3.9799772366678e-09, 0, 0.12942655384541, 8.6370590679508e-09, 0.99158900976181, 0, 0, 3.0517577442879e-07, -1.9073485191257e-07, 1, },
		{ 0.99066561460495, 9.4627949920323e-10, -0.13631397485733, 0, -1.026627671763e-09, 0.99999988079071, -4.189200097926e-09, 0, 0.13631397485733, 9.1021306047878e-09, 0.99066561460495, 0, 0, 3.0517577442879e-07, -1.9073485191257e-07, 1, },
		{ 0.98968642950058, 9.6115115866269e-10, -0.14325045049191, 0, -1.094552004588e-09, 0.99999988079071, -4.3996486454034e-09, 0, 0.14325045049191, 9.5710817049621e-09, 0.98968642950058, 0, 0, 3.0517577442879e-07, -1.9073485191257e-07, 1, },
		{ 0.98866558074951, 9.7268326726407e-10, -0.15013438463211, 0, -1.1634853080977e-09, 0.99999988079071, -4.60823734727e-09, 0, 0.15013438463211, 1.0037042308397e-08, 0.98866558074951, 0, 0, 3.0517577442879e-07, -1.9073485191257e-07, 1, },
		{ 0.98761999607086, 9.8082608701588e-10, -0.15686494112015, 0, -1.232358215475e-09, 0.99999988079071, -4.8119224160814e-09, 0, 0.15686494112015, 1.0493163671299e-08, 0.98761999607086, 0, 0, 3.0517577442879e-07, -1.9073485191257e-07, 1, },
		{ 0.98656958341599, 9.8573593731999e-10, -0.16334161162376, 0, -1.3000143184172e-09, 0.99999988079071, -5.0076849333891e-09, 0, 0.16334161162376, 1.0932589056267e-08, 0.98656958341599, 0, 0, 3.0517577442879e-07, -1.9073485191257e-07, 1, },
		{ 0.98553186655045, 9.8771835155276e-10, -0.16948981583118, 0, -1.3655014896585e-09, 0.99999988079071, -5.1933000122517e-09, 0, 0.16948981583118, 1.1350191009285e-08, 0.98553186655045, 0, 0, 3.0517577442879e-07, -1.9073485191257e-07, 1, },
		{ 0.98450833559036, 9.8720676078301e-10, -0.1753376275301, 0, -1.4289226468733e-09, 0.99999988079071, -5.36964961384e-09, 0, 0.1753376275301, 1.1747810724216e-08, 0.98450833559036, 0, 0, 3.0517577442879e-07, -1.9073485191257e-07, 1, },
		{ 0.98349452018738, 9.8448527108275e-10, -0.18093831837177, 0, -1.4907115541973e-09, 0.99999988079071, -5.5383635455541e-09, 0, 0.18093831837177, 1.2129011572881e-08, 0.98349452018738, 0, 0, 3.0517577442879e-07, -1.9073485191257e-07, 1, },
		{ 0.98248434066772, 9.7978869462167e-10, -0.18634511530399, 0, -1.5513315076987e-09, 0.99999988079071, -5.7010707266159e-09, 0, 0.18634511530399, 1.2497373802489e-08, 0.98248434066772, 0, 0, 3.0517577442879e-07, -1.9073485191257e-07, 1, },
		{ 0.98147094249725, 9.732659123074e-10, -0.19161102175713, 0, -1.6112959855263e-09, 0.99999988079071, -5.8593760954295e-09, 0, 0.19161102175713, 1.2856478548429e-08, 0.98147094249725, 0, 0, 3.0517577442879e-07, -1.9073485191257e-07, 1, },
		{ 0.98044645786285, 9.6497387858108e-10, -0.19678547978401, 0, -1.6711040329298e-09, 0.99999988079071, -6.014779785346e-09, 0, 0.19678547978401, 1.320967513152e-08, 0.98044645786285, 0, 0, 3.0517577442879e-07, -1.9073485191257e-07, 1, },
		{ 0.97940498590469, 9.5491969887007e-10, -0.20190528035164, 0, -1.7311519995289e-09, 0.99999988079071, -6.1683880225871e-09, 0, 0.20190528035164, 1.3559457556767e-08, 0.97940498590469, 0, 0, 3.0517577442879e-07, -1.9073485191257e-07, 1, },
		{ 0.97834020853043, 9.4308205689231e-10, -0.20700360834599, 0, -1.791811143903e-09, 0.99999988079071, -6.3212013401426e-09, 0, 0.20700360834599, 1.3908089790959e-08, 0.97834020853043, 0, 0, 3.0517577442879e-07, -1.9073485191257e-07, 1, },
		{ 0.97724497318268, 9.293756875195e-10, -0.21211344003677, 0, -1.8534738188691e-09, 0.99999988079071, -6.4742122773964e-09, 0, 0.21211344003677, 1.4257832248177e-08, 0.97724497318268, 0, 0, 3.0517577442879e-07, -1.9073485191257e-07, 1, },
		{ 0.97611200809479, 9.1367979848656e-10, -0.21726790070534, 0, -1.9165575793068e-09, 0.99999988079071, -6.6284062683053e-09, 0, 0.21726790070534, 1.4610952447924e-08, 0.97611200809479, 0, 0, 3.0517577442879e-07, -1.9073485191257e-07, 1, },
		{ 0.97494029998779, 8.9594459629083e-10, -0.22246667742729, 0, -1.9810801887843e-09, 0.99999988079071, -6.7837686579253e-09, 0, 0.22246667742729, 1.4967442396596e-08, 0.97494029998779, 0, 0, 3.0517577442879e-07, -1.9073485191257e-07, 1, },
		{ 0.9737600684166, 8.7662499481667e-10, -0.2275770008564, 0, -2.0453911897533e-09, 0.99999988079071, -6.9363350618801e-09, 0, 0.2275770008564, 1.531819293632e-08, 0.9737600684166, 0, 0, 3.0517577442879e-07, -1.9073485191257e-07, 1, },
		{ 0.97261220216751, 8.5654505710409e-10, -0.23243398964405, 0, -2.1073294220741e-09, 0.99999988079071, -7.0811960739547e-09, 0, 0.23243398964405, 1.5651853146892e-08, 0.97261220216751, 0, 0, 3.0517577442879e-07, -1.9073485191257e-07, 1, },
		{ 0.97154051065445, 8.3670664841051e-10, -0.23687337338924, 0, -2.1646382464269e-09, 0.99999988079071, -7.2134791473388e-09, 0, 0.23687337338924, 1.5957082766249e-08, 0.97154051065445, 0, 0, 3.0517577442879e-07, -1.9073485191257e-07, 1, },
		{ 0.97059172391891, 8.1831069698168e-10, -0.24073149263859, 0, -2.2149888589951e-09, 0.99999988079071, -7.3283503709831e-09, 0, 0.24073149263859, 1.62225468614e-08, 0.97059172391891, 0, 0, 3.0517577442879e-07, -1.9073485191257e-07, 1, },
		{ 0.96980351209641, 8.0247275491274e-10, -0.24388763308525, 0, -2.2565505020111e-09, 0.99999988079071, -7.4222530344059e-09, 0, 0.24388763308525, 1.6439848593564e-08, 0.96980351209641, 0, 0, 3.0517577442879e-07, -1.9073485191257e-07, 1, },
		{ 0.96917080879211, 7.893916631474e-10, -0.24638974666595, 0, -2.289745282269e-09, 0.99999988079071, -7.496657516981e-09, 0, 0.24638974666595, 1.6612212050404e-08, 0.96917080879211, 0, 0, 3.0517577442879e-07, -1.9073485191257e-07, 1, },
		{ 0.96867609024048, 7.7896084027529e-10, -0.24832777678967, 0, -2.3156019324233e-09, 0.99999988079071, -7.5542612165691e-09, 0, 0.24832777678967, 1.6745769215731e-08, 0.96867609024048, 0, 0, 3.0517577442879e-07, -1.9073485191257e-07, 1, },
		{ 0.96829968690872, 7.7089618022441e-10, -0.2497910708189, 0, -2.3352093592166e-09, 0.99999988079071, -7.5977402147487e-09, 0, 0.2497910708189, 1.6846641415214e-08, 0.96829968690872, 0, 0, 3.0517577442879e-07, -1.9073485191257e-07, 1, },
		{ 0.96802115440369, 7.6486367239781e-10, -0.25086876749992, 0, -2.3496991019556e-09, 0.99999988079071, -7.6297510531731e-09, 0, 0.25086876749992, 1.6920949974519e-08, 0.96802115440369, 0, 0, 3.0517577442879e-07, -1.9073485191257e-07, 1, },
		{ 0.96782028675079, 7.6047257380196e-10, -0.25164237618446, 0, -2.3601227638892e-09, 0.99999988079071, -7.6527273407123e-09, 0, 0.25164237618446, 1.6974302852191e-08, 0.96782028675079, 0, 0, 3.0517577442879e-07, -1.9073485191257e-07, 1, },
		{ 0.96768438816071, 7.5748823880062e-10, -0.25216484069824, 0, -2.3671731241848e-09, 0.99999988079071, -7.6682420413476e-09, 0, 0.25216484069824, 1.7010336250678e-08, 0.96768438816071, 0, 0, 3.0517577442879e-07, -1.9073485191257e-07, 1, },
		{ 0.96760159730911, 7.5566930490822e-10, -0.25248169898987, 0, -2.3714559205246e-09, 0.99999988079071, -7.6776505153475e-09, 0, 0.25248169898987, 1.703219254523e-08, 0.96760159730911, 0, 0, 3.0517577442879e-07, -1.9073485191257e-07, 1, },
		{ 0.96754974126816, 7.5451822567629e-10, -0.25268056988716, 0, -2.3741453247794e-09, 0.99999988079071, -7.6835569018385e-09, 0, 0.25268056988716, 1.7045913125457e-08, 0.96754974126816, 0, 0, 3.0517577442879e-07, -1.9073485191257e-07, 1, },
		{ 0.96756118535995, 7.5476691563381e-10, -0.25263673067093, 0, -2.3735520215951e-09, 0.99999988079071, -7.6822557204537e-09, 0, 0.25263673067093, 1.704288798976e-08, 0.96756118535995, 0, 0, 3.0517577442879e-07, -1.9073485191257e-07, 1, },
		{ 0.96764129400253, 7.5653616704585e-10, -0.25233000516891, 0, -2.3694077810887e-09, 0.99999988079071, -7.6731465625812e-09, 0, 0.25233000516891, 1.7021729803446e-08, 0.96764129400253, 0, 0, 3.0517577442879e-07, -1.9073485191257e-07, 1, },
		{ 0.96785795688629, 7.6129674786429e-10, -0.25149714946747, 0, -2.3581632202507e-09, 0.99999988079071, -7.6484152344847e-09, 0, 0.25149714946747, 1.6964285975973e-08, 0.96785795688629, 0, 0, 3.0517577442879e-07, -1.9073485191257e-07, 1, },
		{ 0.96827811002731, 7.7042727752996e-10, -0.24987472593784, 0, -2.3363337930959e-09, 0.99999988079071, -7.6002244497886e-09, 0, 0.24987472593784, 1.6852411022228e-08, 0.96827811002731, 0, 0, 3.0517577442879e-07, -1.9073485191257e-07, 1, },
		{ 0.96896487474442, 7.8507156331398e-10, -0.24719843268394, 0, -2.3005188865e-09, 0.99999988079071, -7.5206960659102e-09, 0, 0.24719843268394, 1.6667936364456e-08, 0.96896487474442, 0, 0, 3.0517577442879e-07, -1.9073485191257e-07, 1, },
		{ 0.97006440162659, 8.0777340372151e-10, -0.24284790456295, 0, -2.2428228163562e-09, 0.99999988079071, -7.3913248854751e-09, 0, 0.24284790456295, 1.6368248978438e-08, 0.97006440162659, 0, 0, 3.0517577442879e-07, -1.9073485191257e-07, 1, },
		{ 0.97157061100006, 8.3727513811027e-10, -0.23675009608269, 0, -2.16303752687e-09, 0.99999988079071, -7.209807861841e-09, 0, 0.23675009608269, 1.5948602438698e-08, 0.97157061100006, 0, 0, 3.0517577442879e-07, -1.9073485191257e-07, 1, },
		{ 0.97331756353378, 8.690363428876e-10, -0.22946205735207, 0, -2.0693367019931e-09, 0.99999988079071, -6.9925722989694e-09, 0, 0.22946205735207, 1.5447652046419e-08, 0.97331756353378, 0, 0, 3.0517577442879e-07, -1.9073485191257e-07, 1, },
		{ 0.97515052556992, 8.992344091574e-10, -0.22154366970062, 0, -1.9695587383239e-09, 0.99999988079071, -6.7561956029749e-09, 0, 0.22154366970062, 1.4904124157056e-08, 0.97515052556992, 0, 0, 3.0517577442879e-07, -1.9073485191257e-07, 1, },
		{ 0.97693026065826, 9.2516211358529e-10, -0.21355885267258, 0, -1.8710739624339e-09, 0.99999988079071, -6.517467010525e-09, 0, 0.21355885267258, 1.4356822397588e-08, 0.97693026065826, 0, 0, 3.0517577442879e-07, -1.9073485191257e-07, 1, },
		{ 0.9785572886467, 9.4561158903161e-10, -0.20597432553768, 0, -1.7794991036268e-09, 0.99999988079071, -6.2903633413214e-09, 0, 0.20597432553768, 1.383768388763e-08, 0.9785572886467, 0, 0, 3.0517577442879e-07, -1.9073485191257e-07, 1, },
		{ 0.98002916574478, 9.6112984238061e-10, -0.19885359704494, 0, -1.6952572678974e-09, 0.99999988079071, -6.0768452492255e-09, 0, 0.19885359704494, 1.3350928362854e-08, 0.98002916574478, 0, 0, 3.0517577442879e-07, -1.9073485191257e-07, 1, },
		{ 0.98136383295059, 9.724772098707e-10, -0.19215853512287, 0, -1.617582512381e-09, 0.99999988079071, -5.8758260479408e-09, 0, 0.19215853512287, 1.289383622094e-08, 0.98136383295059, 0, 0, 3.0517577442879e-07, -1.9073485191257e-07, 1, },
		{ 0.98257797956467, 9.8030028539142e-10, -0.18585057556629, 0, -1.5457447544165e-09, 0.99999988079071, -5.6861950703535e-09, 0, 0.18585057556629, 1.2463666543283e-08, 0.98257797956467, 0, 0, 3.0517577442879e-07, -1.9073485191257e-07, 1, },
		{ 0.98368656635284, 9.8515329227666e-10, -0.17989081144333, 0, -1.4790746405424e-09, 0.99999988079071, -5.5068234416922e-09, 0, 0.17989081144333, 1.2057685516709e-08, 0.98368656635284, 0, 0, 3.0517577442879e-07, -1.9073485191257e-07, 1, },
		{ 0.98470747470856, 9.8748387244996e-10, -0.17421545088291, 0, -1.4166676720606e-09, 0.99999988079071, -5.3358228946365e-09, 0, 0.17421545088291, 1.1671476229935e-08, 0.98470747470856, 0, 0, 3.0517577442879e-07, -1.9073485191257e-07, 1, },
		{ 0.98567390441895, 9.8760466471504e-10, -0.16866216063499, 0, -1.3566126000342e-09, 0.99999988079071, -5.1683262114466e-09, 0, 0.16866216063499, 1.1293947999036e-08, 0.98567390441895, 0, 0, 3.0517577442879e-07, -1.9073485191257e-07, 1, },
		{ 0.98661881685257, 9.8557251249076e-10, -0.16304363310337, 0, -1.296875495882e-09, 0.99999988079071, -4.9986841332839e-09, 0, 0.16304363310337, 1.0912363457294e-08, 0.98661881685257, 0, 0, 3.0517577442879e-07, -1.9073485191257e-07, 1, },
		{ 0.98757129907608, 9.8113162039226e-10, -0.15717180073261, 0, -1.2355378942175e-09, 0.99999988079071, -4.8212029923889e-09, 0, 0.15717180073261, 1.0513971915316e-08, 0.98757129907608, 0, 0, 3.0517577442879e-07, -1.9073485191257e-07, 1, },
		{ 0.98855549097061, 9.7370644880357e-10, -0.15085761249065, 0, -1.1708179981085e-09, 0.99999988079071, -4.6301362743861e-09, 0, 0.15085761249065, 1.0086028012779e-08, 0.98855549097061, 0, 0, 3.0517577442879e-07, -1.9073485191257e-07, 1, },
		{ 0.98957878351212, 9.6255092785213e-10, -0.14399228990078, 0, -1.1019061219031e-09, 0.99999988079071, -4.4221408757039e-09, 0, 0.14399228990078, 9.6212700029241e-09, 0.98957878351212, 0, 0, 3.0517577442879e-07, -1.9073485191257e-07, 1, },
		{ 0.99060010910034, 9.4740926215309e-10, -0.13678973913193, 0, -1.0312390941181e-09, 0.99999988079071, -4.2036436553872e-09, 0, 0.13678973913193, 9.1342791108673e-09, 0.99060010910034, 0, 0, 3.0517577442879e-07, -1.9073485191257e-07, 1, },
		{ 0.99157345294952, 9.2861535128108e-10, -0.12954561412334, 0, -9.6183316866671e-10, 0.99999988079071, -3.9835947873712e-09, 0, 0.12954561412334, 8.6450935299354e-09, 0.99157345294952, 0, 0, 3.0517577442879e-07, -1.9073485191257e-07, 1, },
		{ 0.99246156215668, 9.0712143352434e-10, -0.12255664914846, 0, -8.9646329248794e-10, 0.99999988079071, -3.7710226052923e-09, 0, 0.12255664914846, 8.1737265844595e-09, 0.99246156215668, 0, 0, 3.0517577442879e-07, -1.9073485191257e-07, 1, },
		{ 0.99323511123657, 8.8440538226209e-10, -0.11612080037594, 0, -8.3763751490551e-10, 0.99999988079071, -3.5750336024876e-09, 0, 0.11612080037594, 7.7401676179534e-09, 0.99323511123657, 0, 0, 3.0517577442879e-07, -1.9073485191257e-07, 1, },
		{ 0.9938839673996, 8.6198781446001e-10, -0.11042867600918, 0, -7.8670575609507e-10, 0.99999988079071, -3.4015030792034e-09, 0, 0.11042867600918, 7.3571162495512e-09, 0.9938839673996, 0, 0, 3.0517577442879e-07, -1.9073485191257e-07, 1, },
		{ 0.99444699287415, 8.3966256170243e-10, -0.10523909330368, 0, -7.4116712767136e-10, 0.99999988079071, -3.2431373142572e-09, 0, 0.10523909330368, 7.0082091241375e-09, 0.99444699287415, 0, 0, 3.0517577442879e-07, -1.9073485191257e-07, 1, },
		{ 0.99496710300446, 8.1626433390269e-10, -0.10020178556442, 0, -6.9777783551217e-10, 0.99999988079071, -3.0892781666125e-09, 0, 0.10020178556442, 6.6698460088332e-09, 0.99496710300446, 0, 0, 3.0517577442879e-07, -1.9073485191257e-07, 1, },
		{ 0.99548053741455, 7.9013773301995e-10, -0.094966173171997, 0, -6.5353228384524e-10, 0.99999988079071, -2.9292130943048e-09, 0, 0.094966173171997, 6.318470191502e-09, 0.99548053741455, 0, 0, 3.0517577442879e-07, -1.9073485191257e-07, 1, },
		{ 0.99601548910141, 7.5912964803138e-10, -0.089180402457714, 0, -6.0563820625248e-10, 0.99999988079071, -2.7521558365606e-09, 0, 0.089180402457714, 5.9305458322001e-09, 0.99601548910141, 0, 0, 3.0517577442879e-07, -1.9073485191257e-07, 1, },
		{ 0.99658054113388, 7.2130745820687e-10, -0.0826266258955, 0, -5.5266369258788e-10, 0.99999988079071, -2.5513733348248e-09, 0, 0.0826266258955, 5.4915951785972e-09, 0.99658054113388, 0, 0, 3.0517577442879e-07, -1.9073485191257e-07, 1, },
		{ 0.99713635444641, 6.7773692213891e-10, -0.075624287128448, 0, -4.9755399800233e-10, 0.99999988079071, -2.3365884782578e-09, 0, 0.075624287128448, 5.0231516723898e-09, 0.99713635444641, 0, 0, 3.0517577442879e-07, -1.9073485191257e-07, 1, },
		{ 0.99764233827591, 6.309406330729e-10, -0.0686279758811, 0, -4.4402878596195e-10, 0.99999988079071, -2.1217230194992e-09, 0, 0.0686279758811, 4.5556785011058e-09, 0.99764233827591, 0, 0, 3.0517577442879e-07, -1.9073485191257e-07, 1, },
		{ 0.99807035923004, 5.8429350247025e-10, -0.062093466520309, 0, -3.954170324505e-10, 0.99999988079071, -1.9207986312608e-09, 0, 0.062093466520309, 4.1195669098215e-09, 0.99807035923004, 0, 0, 3.0517577442879e-07, -1.9073485191257e-07, 1, },
		{ 0.99840378761292, 5.4193804999159e-10, -0.056477036327124, 0, -3.5470648640512e-10, 0.99999988079071, -1.7479209191151e-09, 0, 0.056477036327124, 3.7451277634659e-09, 0.99840378761292, 0, 0, 3.0517577442879e-07, -1.9073485191257e-07, 1, },
		{ 0.99864274263382, 5.0734166867628e-10, -0.052083045244217, 0, -3.2354208201468e-10, 0.99999988079071, -1.6125487611873e-09, 0, 0.052083045244217, 3.4524365588595e-09, 0.99864274263382, 0, 0, 3.0517577442879e-07, -1.9073485191257e-07, 1, },
		{ 0.9988180398941, 4.7905501787682e-10, -0.048605412244797, 0, -2.9930546929791e-10, 0.99999988079071, -1.5053345236993e-09, 0, 0.048605412244797, 3.2209444000841e-09, 0.9988180398941, 0, 0, 3.0517577442879e-07, -1.9073485191257e-07, 1, },
		{ 0.99896043539047, 4.5383782842912e-10, -0.045585479587317, 0, -2.7856472684107e-10, 0.99999988079071, -1.4121774860598e-09, 0, 0.045585479587317, 3.0200304479422e-09, 0.99896043539047, 0, 0, 3.0517577442879e-07, -1.9073485191257e-07, 1, },
		{ 0.99909371137619, 4.2800962773981e-10, -0.042564123868942, 0, -2.580975433375e-10, 0.99999988079071, -1.3189267455971e-09, 0, 0.042564123868942, 2.8191262657629e-09, 0.99909371137619, 0, 0, 3.0517577442879e-07, -1.9073485191257e-07, 1, },
		{ 0.99923592805862, 3.9748468405598e-10, -0.039081931114197, 0, -2.3486276812257e-10, 0.99999988079071, -1.2113945402348e-09, 0, 0.039081931114197, 2.5877140430453e-09, 0.99923592805862, 0, 0, 3.0517577442879e-07, -1.9073485191257e-07, 1, },
		{ 0.999391913414, 3.5949199173047e-10, -0.034868597984314, 0, -2.0725465788018e-10, 0.99999988079071, -1.0811938011557e-09, 0, 0.034868597984314, 2.3078952082756e-09, 0.999391913414, 0, 0, 3.0517577442879e-07, -1.9073485191257e-07, 1, },
		{ 0.99953746795654, 3.1801758448857e-10, -0.030411928892136, 0, -1.7865531276584e-10, 0.99999988079071, -9.4336893852187e-10, 0, 0.030411928892136, 2.0121371235859e-09, 0.99953746795654, 0, 0, 3.0517577442879e-07, -1.9073485191257e-07, 1, },
		{ 0.99965173006058, 2.7946356340181e-10, -0.026389360427856, 0, -1.533742022275e-10, 0.99999988079071, -8.1887602254582e-10, 0, 0.026389360427856, 1.7453841705262e-09, 0.99965173006058, 0, 0, 3.0517577442879e-07, -1.9073485191257e-07, 1, },
		{ 0.99972438812256, 2.5089263999689e-10, -0.023478657007217, 0, -1.3539036558541e-10, 0.99999988079071, -7.287414560686e-10, 0, 0.023478657007217, 1.552479034217e-09, 0.99972438812256, 0, 0, 3.0517577442879e-07, -1.9073485191257e-07, 1, },
		{ 0.99975001811981, 2.3973711904546e-10, -0.022357791662216, 0, -1.28537180899e-10, 0.99999988079071, -6.9401856483964e-10, 0, 0.022357791662216, 1.4782193247243e-09, 0.99975001811981, 0, 0, 3.0517577442879e-07, -1.9073485191257e-07, 1, },
		{ 0.99975001811981, 2.3973711904546e-10, -0.022357791662216, 0, -1.28537180899e-10, 0.99999988079071, -6.9401856483964e-10, 0, 0.022357791662216, 1.4782193247243e-09, 0.99975001811981, 0, 0, 3.0517577442879e-07, -1.9073485191257e-07, 1, },
	},
}
end
