function data()
return {
	times = { 0, 41.667, 83.333, 125, 166.667, 208.333, 250, 291.667, 333.333, 375, 416.667, 458.333, 500, 541.667, 583.333, 625, 666.667, 708.333, 750, 791.667, 833.333, 875, 916.667, 958.333, 1000, 1041.667, 1083.333, 1125, 1166.667, 1208.333, 1250, 1291.667, 1333.333, 1375, 1416.667, 1458.333, 1500, 1541.667, 1583.333, 1625, 1666.667, 1708.333, 1750, 1791.667, 1833.333, 1875, 1916.667, 1958.333, 2000, 2041.667, 2083.333, 2125, 2166.667, 2208.333, 2250, 2291.667, 2333.333, 2375, 2416.667, 2458.333, 2500, 2541.667, 2583.333, 2625, 2666.667, 2708.333, 2750, 2791.667, 2833.333, 2875, 2916.667, 2958.333, 3000, 3041.667, 3083.333, 3125, 3166.667, 3208.333, 3250, 3291.667, 3333.333, 3375, 3416.667, 3458.333, 3500, 3541.667, 3583.333, 3625, 3666.667, 3708.333, 3750, 3791.667, 3833.333, 3875, 3916.667, 3958.333, 4000, 4041.667, 4083.333, 4125, 4166.667, },
	transfs = {
		{ 1, 0, 0, 0, 0, 1, 0, 0, 0, 0, 1, 0, 0, 0, 0, 1, },
		{ 1, 0, 0, 0, 0, 1, 0, 0, 0, 0, 1, 0, 0.009930114261806, 0, -0.00064796447986737, 1, },
		{ 1, 0, 0, 0, 0, 1, 0, 0, 0, 0, 1, 0, 0.030282286927104, 0, -0.0012959289597347, 1, },
		{ 0.99999886751175, 0, 0.001504140207544, 0, 0, 1, 0, 0, -0.001504140207544, 0, 0.99999886751175, 0, 0.049452513456345, 0, -0.0036395261995494, 1, },
		{ 0.99999535083771, 0, 0.0030569408554584, 0, 0, 1, 0, 0, -0.0030569408554584, 0, 0.99999535083771, 0, 0.066069640219212, 0, -0.0072833248414099, 1, },
		{ 0.9999897480011, 0, 0.0045327893458307, 0, 0, 1, 0, 0, -0.0045327893458307, 0, 0.9999897480011, 0, 0.081319577991962, 0, -0.012141646817327, 1, },
		{ 0.99997687339783, 0, 0.0067904992029071, 0, 0, 1, 0, 0, -0.0067904992029071, 0, 0.99997687339783, 0, 0.096178583800793, 0, -0.018124312162399, 1, },
		{ 0.99995297193527, 0, 0.0096965851262212, 0, 0, 1, 0, 0, -0.0096965851262212, 0, 0.99995297193527, 0, 0.11078856885433, 0, -0.02512489259243, 1, },
		{ 0.99991720914841, 0, 0.012869489379227, 0, 0, 1, 0, 0, -0.012869489379227, 0, 0.99991720914841, 0, 0.1250808686018, 0, -0.033032834529877, 1, },
		{ 0.99987143278122, 0, 0.016029551625252, 0, 0, 1, 0, 0, -0.016029551625252, 0, 0.99987143278122, 0, 0.13898803293705, 0, -0.041737668216228, 1, },
		{ 0.99981361627579, 0, 0.019304517656565, 0, 0, 1, 0, 0, -0.019304517656565, 0, 0.99981361627579, 0, 0.15244078636169, 0, -0.051128692924976, 1, },
		{ 0.9997381567955, 0, 0.022879583761096, 0, 0, 1, 0, 0, -0.022879583761096, 0, 0.9997381567955, 0, 0.16537414491177, 0, -0.061113584786654, 1, },
		{ 0.9996417760849, 0, 0.026762356981635, 0, 0, 1, 0, 0, -0.026762356981635, 0, 0.9996417760849, 0, 0.17772887647152, 0, -0.071672439575195, 1, },
		{ 0.99952191114426, 0, 0.030916038900614, 0, 0, 1, 0, 0, -0.030916038900614, 0, 0.99952191114426, 0, 0.18944823741913, 0, -0.082803726196289, 1, },
		{ 0.99937665462494, 0, 0.035303823649883, 0, 0, 1, 0, 0, -0.035303823649883, 0, 0.99937665462494, 0, 0.20047484338284, 0, -0.094505533576012, 1, },
		{ 0.99920403957367, 0, 0.039888858795166, 0, 0, 1, 0, 0, -0.039888858795166, 0, 0.99920403957367, 0, 0.21075256168842, 0, -0.1067763492465, 1, },
		{ 0.99900299310684, 0, 0.044643871486187, 0, 0, 1, 0, 0, -0.044643871486187, 0, 0.99900299310684, 0, 0.22021849453449, 0, -0.11961555480957, 1, },
		{ 0.99877017736435, 0, 0.049579527229071, 0, 0, 1, 0, 0, -0.049579527229071, 0, 0.99877017736435, 0, 0.22878813743591, 0, -0.13302627205849, 1, },
		{ 0.99850195646286, 0, 0.054716072976589, 0, 0, 1, 0, 0, -0.054716072976589, 0, 0.99850195646286, 0, 0.23637084662914, 0, -0.14701315760612, 1, },
		{ 0.99819386005402, 0, 0.060073647648096, 0, 0, 1, 0, 0, -0.060073647648096, 0, 0.99819386005402, 0, 0.24229308962822, 0, -0.16158050298691, 1, },
		{ 0.99784117937088, 0, 0.065672248601913, 0, 0, 1, 0, 0, -0.065672248601913, 0, 0.99784117937088, 0, 0.24821501970291, 0, -0.17673270404339, 1, },
		{ 0.99743938446045, 0, 0.071516558527946, 0, 0, 1, 0, 0, -0.071516558527946, 0, 0.99743938446045, 0, 0.25124084949493, 0, -0.19245018064976, 1, },
		{ 0.99698847532272, 0, 0.077549606561661, 0, 0, 1, 0, 0, -0.077549606561661, 0, 0.99698847532272, 0, 0.25426664948463, 0, -0.20861709117889, 1, },
		{ 0.99649101495743, 0, 0.083699136972427, 0, 0, 1, 0, 0, -0.083699136972427, 0, 0.99649101495743, 0, 0.25729247927666, 0, -0.22509376704693, 1, },
		{ 0.99595141410828, 0, 0.089893035590649, 0, 0, 1, 0, 0, -0.089893035590649, 0, 0.99595141410828, 0, 0.25604674220085, 0, -0.24174033105373, 1, },
		{ 0.9953755736351, 0, 0.096059255301952, 0, 0, 1, 0, 0, -0.096059255301952, 0, 0.9953755736351, 0, 0.25480133295059, 0, -0.25841689109802, 1, },
		{ 0.99477022886276, 0, 0.1021382138133, 0, 0, 1, 0, 0, -0.1021382138133, 0, 0.99477022886276, 0, 0.25355589389801, 0, -0.27500060200691, 1, },
		{ 0.99413794279099, 0, 0.10811941325665, 0, 0, 1, 0, 0, -0.10811941325665, 0, 0.99413794279099, 0, 0.25231018662453, 0, -0.29143467545509, 1, },
		{ 0.99348014593124, 0, 0.11400459706783, 0, 0, 1, 0, 0, -0.11400459706783, 0, 0.99348014593124, 0, 0.25106444954872, 0, -0.30767956376076, 1, },
		{ 0.99279850721359, 0, 0.11979550868273, 0, 0, 1, 0, 0, -0.11979550868273, 0, 0.99279850721359, 0, 0.2498190253973, 0, -0.32369512319565, 1, },
		{ 0.99209433794022, 0, 0.12549395859241, 0, 0, 1, 0, 0, -0.12549395859241, 0, 0.99209433794022, 0, 0.24504515528679, 0, -0.33944198489189, 1, },
		{ 0.99136930704117, 0, 0.13109846413136, 0, 0, 1, 0, 0, -0.13109846413136, 0, 0.99136930704117, 0, 0.24027159810066, 0, -0.35487785935402, 1, },
		{ 0.99062705039978, 0, 0.1365944892168, 0, 0, 1, 0, 0, -0.1365944892168, 0, 0.99062705039978, 0, 0.23403045535088, 0, -0.36995226144791, 1, },
		{ 0.98987174034119, 0, 0.14196434617043, 0, 0, 1, 0, 0, -0.14196434617043, 0, 0.98987174034119, 0, 0.22778929769993, 0, -0.38461276888847, 1, },
		{ 0.98910814523697, 0, 0.14719036221504, 0, 0, 1, 0, 0, -0.14719036221504, 0, 0.98910814523697, 0, 0.22019682824612, 0, -0.39880660176277, 1, },
		{ 0.98834121227264, 0, 0.15225498378277, 0, 0, 1, 0, 0, -0.15225498378277, 0, 0.98834121227264, 0, 0.21156188845634, 0, -0.41248106956482, 1, },
		{ 0.9875773191452, 0, 0.15713343024254, 0, 0, 1, 0, 0, -0.15713343024254, 0, 0.9875773191452, 0, 0.2018167078495, 0, -0.42557367682457, 1, },
		{ 0.98682820796967, 0, 0.16177171468735, 0, 0, 1, 0, 0, -0.16177171468735, 0, 0.98682820796967, 0, 0.19104857742786, 0, -0.43798205256462, 1, },
		{ 0.98610734939575, 0, 0.16610886156559, 0, 0, 1, 0, 0, -0.16610886156559, 0, 0.98610734939575, 0, 0.17938354611397, 0, -0.44959399104118, 1, },
		{ 0.98542952537537, 0, 0.17008395493031, 0, 0, 1, 0, 0, -0.17008395493031, 0, 0.98542952537537, 0, 0.16694824397564, 0, -0.46029698848724, 1, },
		{ 0.98480981588364, 0, 0.17363627254963, 0, 0, 1, 0, 0, -0.17363627254963, 0, 0.98480981588364, 0, 0.15386840701103, 0, -0.46997892856598, 1, },
		{ 0.98425960540771, 0, 0.17672826349735, 0, 0, 1, 0, 0, -0.17672826349735, 0, 0.98425960540771, 0, 0.14025451242924, 0, -0.47856760025024, 1, },
		{ 0.98377352952957, 0, 0.17941431701183, 0, 0, 1, 0, 0, -0.17941431701183, 0, 0.98377352952957, 0, 0.1261492818594, 0, -0.48615154623985, 1, },
		{ 0.98334074020386, 0, 0.1817719489336, 0, 0, 1, 0, 0, -0.1817719489336, 0, 0.98334074020386, 0, 0.11157989501953, 0, -0.49285945296288, 1, },
		{ 0.98294895887375, 0, 0.18387827277184, 0, 0, 1, 0, 0, -0.18387827277184, 0, 0.98294895887375, 0, 0.09657409787178, 0, -0.49881991744041, 1, },
		{ 0.98258566856384, 0, 0.18581019341946, 0, 0, 1, 0, 0, -0.18581019341946, 0, 0.98258566856384, 0, 0.081158749759197, 0, -0.50416171550751, 1, },
		{ 0.98224294185638, 0, 0.18761338293552, 0, 0, 1, 0, 0, -0.18761338293552, 0, 0.98224294185638, 0, 0.065371699631214, 0, -0.50895702838898, 1, },
		{ 0.98193699121475, 0, 0.18920826911926, 0, 0, 1, 0, 0, -0.18920826911926, 0, 0.98193699121475, 0, 0.049295652657747, 0, -0.5130523443222, 1, },
		{ 0.98169016838074, 0, 0.19048447906971, 0, 0, 1, 0, 0, -0.19048447906971, 0, 0.98169016838074, 0, 0.033023681491613, 0, -0.516237616539, 1, },
		{ 0.98152554035187, 0, 0.19133122265339, 0, 0, 1, 0, 0, -0.19133122265339, 0, 0.98152554035187, 0, 0.016650084406137, 0, -0.51830273866653, 1, },
		{ 0.9815132021904, 0, 0.1913944631815, 0, 0, 1, 0, 0, -0.1913944631815, 0, 0.9815132021904, 0, 0.00026702880859375, 0, -0.51839405298233, 1, },
		{ 0.98150086402893, 0, 0.1914577037096, 0, 0, 1, 0, 0, -0.1914577037096, 0, 0.98150086402893, 0, -0.016036376357079, 0, -0.51848542690277, 1, },
		{ 0.98160707950592, 0, 0.19091211259365, 0, 0, 1, 0, 0, -0.19091211259365, 0, 0.98160707950592, 0, -0.032194823026657, 0, -0.51685535907745, 1, },
		{ 0.98178517818451, 0, 0.18999435007572, 0, 0, 1, 0, 0, -0.18999435007572, 0, 0.98178517818451, 0, -0.048147581517696, 0, -0.51418823003769, 1, },
		{ 0.98203521966934, 0, 0.18869769573212, 0, 0, 1, 0, 0, -0.18869769573212, 0, 0.98203521966934, 0, -0.063833922147751, 0, -0.5105248093605, 1, },
		{ 0.98235708475113, 0, 0.18701492249966, 0, 0, 1, 0, 0, -0.18701492249966, 0, 0.98235708475113, 0, -0.079193115234375, 0, -0.50590568780899, 1, },
		{ 0.98274898529053, 0, 0.18494422733784, 0, 0, 1, 0, 0, -0.18494422733784, 0, 0.98274898529053, 0, -0.094175718724728, 0, -0.50036662817001, 1, },
		{ 0.98320508003235, 0, 0.18250404298306, 0, 0, 1, 0, 0, -0.18250404298306, 0, 0.98320508003235, 0, -0.10877227783203, 0, -0.49392393231392, 1, },
		{ 0.98371821641922, 0, 0.17971770465374, 0, 0, 1, 0, 0, -0.17971770465374, 0, 0.98371821641922, 0, -0.12298461794853, 0, -0.48658892512321, 1, },
		{ 0.98428112268448, 0, 0.17660883069038, 0, 0, 1, 0, 0, -0.17660883069038, 0, 0.98428112268448, 0, -0.13681396842003, 0, -0.47837311029434, 1, },
		{ 0.98488646745682, 0, 0.17320084571838, 0, 0, 1, 0, 0, -0.17320084571838, 0, 0.98488646745682, 0, -0.1502618342638, 0, -0.4692876636982, 1, },
		{ 0.98552775382996, 0, 0.16951379179955, 0, 0, 1, 0, 0, -0.16951379179955, 0, 0.98552775382996, 0, -0.16330841183662, 0, -0.45934668183327, 1, },
		{ 0.98620074987411, 0, 0.16555373370647, 0, 0, 1, 0, 0, -0.16555373370647, 0, 0.98620074987411, 0, -0.17584991455078, 0, -0.44857409596443, 1, },
		{ 0.98690158128738, 0, 0.16132321953773, 0, 0, 1, 0, 0, -0.16132321953773, 0, 0.98690158128738, 0, -0.18775969743729, 0, -0.43699631094933, 1, },
		{ 0.9876264333725, 0, 0.15682472288609, 0, 0, 1, 0, 0, -0.15682472288609, 0, 0.9876264333725, 0, -0.19891296327114, 0, -0.4246398806572, 1, },
		{ 0.98837113380432, 0, 0.15206083655357, 0, 0, 1, 0, 0, -0.15206083655357, 0, 0.98837113380432, 0, -0.20918364822865, 0, -0.41153118014336, 1, },
		{ 0.98913049697876, 0, 0.14704009890556, 0, 0, 1, 0, 0, -0.14704009890556, 0, 0.98913049697876, 0, -0.21846832334995, 0, -0.39771220088005, 1, },
		{ 0.98989605903625, 0, 0.14179477095604, 0, 0, 1, 0, 0, -0.14179477095604, 0, 0.98989605903625, 0, -0.22675353288651, 0, -0.38328692317009, 1, },
		{ 0.99065881967545, 0, 0.13636323809624, 0, 0, 1, 0, 0, -0.13636323809624, 0, 0.99065881967545, 0, -0.23404723405838, 0, -0.36837473511696, 1, },
		{ 0.99141085147858, 0, 0.13078410923481, 0, 0, 1, 0, 0, -0.13078410923481, 0, 0.99141085147858, 0, -0.24035887420177, 0, -0.35309520363808, 1, },
		{ 0.99214464426041, 0, 0.12509603798389, 0, 0, 1, 0, 0, -0.12509603798389, 0, 0.99214464426041, 0, -0.24521270394325, 0, -0.33756747841835, 1, },
		{ 0.9928542971611, 0, 0.11933230608702, 0, 0, 1, 0, 0, -0.11933230608702, 0, 0.9928542971611, 0, -0.25006651878357, 0, -0.32189354300499, 1, },
		{ 0.99353742599487, 0, 0.11350425332785, 0, 0, 1, 0, 0, -0.11350425332785, 0, 0.99353742599487, 0, -0.2524987757206, 0, -0.30610471963882, 1, },
		{ 0.99419236183167, 0, 0.10761773586273, 0, 0, 1, 0, 0, -0.10761773586273, 0, 0.99419236183167, 0, -0.25493103265762, 0, -0.29021459817886, 1, },
		{ 0.99481725692749, 0, 0.10167859494686, 0, 0, 1, 0, 0, -0.10167859494686, 0, 0.99481725692749, 0, -0.25736328959465, 0, -0.27423694729805, 1, },
		{ 0.99541085958481, 0, 0.09569276869297, 0, 0, 1, 0, 0, -0.09569276869297, 0, 0.99541085958481, 0, -0.25597748160362, 0, -0.25818535685539, 1, },
		{ 0.99597156047821, 0, 0.089669980108738, 0, 0, 1, 0, 0, -0.089669980108738, 0, 0.99597156047821, 0, -0.25459137558937, 0, -0.24208007752895, 1, },
		{ 0.9964964389801, 0, 0.083635434508324, 0, 0, 1, 0, 0, -0.083635434508324, 0, 0.9964964389801, 0, -0.25320556759834, 0, -0.22596740722656, 1, },
		{ 0.99698317050934, 0, 0.077618181705475, 0, 0, 1, 0, 0, -0.077618181705475, 0, 0.99698317050934, 0, -0.25181946158409, 0, -0.20989990234375, 1, },
		{ 0.99742996692657, 0, 0.071647316217422, 0, 0, 1, 0, 0, -0.071647316217422, 0, 0.99742996692657, 0, -0.25043365359306, 0, -0.19393073022366, 1, },
		{ 0.99783593416214, 0, 0.065752021968365, 0, 0, 1, 0, 0, -0.065752021968365, 0, 0.99783593416214, 0, -0.24572692811489, 0, -0.17811225354671, 1, },
		{ 0.99820059537888, 0, 0.059962727129459, 0, 0, 1, 0, 0, -0.059962727129459, 0, 0.99820059537888, 0, -0.24101988971233, 0, -0.16250915825367, 1, },
		{ 0.99852383136749, 0, 0.054314807057381, 0, 0, 1, 0, 0, -0.054314807057381, 0, 0.99852383136749, 0, -0.23485565185547, 0, -0.14723151922226, 1, },
		{ 0.99880629777908, 0, 0.048844959586859, 0, 0, 1, 0, 0, -0.048844959586859, 0, 0.99880629777908, 0, -0.22771728038788, 0, -0.13240104913712, 1, },
		{ 0.99904948472977, 0, 0.043589826673269, 0, 0, 1, 0, 0, -0.043589826673269, 0, 0.99904948472977, 0, -0.21960327029228, 0, -0.11813972145319, 1, },
		{ 0.99925529956818, 0, 0.03858607634902, 0, 0, 1, 0, 0, -0.03858607634902, 0, 0.99925529956818, 0, -0.21051208674908, 0, -0.10456931591034, 1, },
		{ 0.99942654371262, 0, 0.033860791474581, 0, 0, 1, 0, 0, -0.033860791474581, 0, 0.99942654371262, 0, -0.20044921338558, 0, -0.091782376170158, 1, },
		{ 0.99956756830215, 0, 0.029402749612927, 0, 0, 1, 0, 0, -0.029402749612927, 0, 0.99956756830215, 0, -0.18944762647152, 0, -0.079754792153835, 1, },
		{ 0.99968266487122, 0, 0.025191096588969, 0, 0, 1, 0, 0, -0.025191096588969, 0, 0.99968266487122, 0, -0.17754790186882, 0, -0.06843277066946, 1, },
		{ 0.99977517127991, 0, 0.021204957738519, 0, 0, 1, 0, 0, -0.021204957738519, 0, 0.99977517127991, 0, -0.16478942334652, 0, -0.057763136923313, 1, },
		{ 0.99984818696976, 0, 0.017423398792744, 0, 0, 1, 0, 0, -0.017423398792744, 0, 0.99984818696976, 0, -0.15121276676655, 0, -0.047692183405161, 1, },
		{ 0.9999041557312, 0, 0.013843165710568, 0, 0, 1, 0, 0, -0.013843165710568, 0, 0.9999041557312, 0, -0.13691741228104, 0, -0.038206938654184, 1, },
		{ 0.99994456768036, 0, 0.010531772859395, 0, 0, 1, 0, 0, -0.010531772859395, 0, 0.99994456768036, 0, -0.12224181741476, 0, -0.029455488547683, 1, },
		{ 0.99997127056122, 0, 0.0075744050554931, 0, 0, 1, 0, 0, -0.0075744050554931, 0, 0.99997127056122, 0, -0.10758331418037, 0, -0.021626356989145, 1, },
		{ 0.99998724460602, 0, 0.0050562466494739, 0, 0, 1, 0, 0, -0.0050562466494739, 0, 0.99998724460602, 0, -0.093340143561363, 0, -0.014907913282514, 1, },
		{ 0.99999523162842, 0, 0.003062455682084, 0, 0, 1, 0, 0, -0.003062455682084, 0, 0.99999523162842, 0, -0.079910278320312, 0, -0.0094889830797911, 1, },
		{ 0.99999856948853, 0, 0.0016382304020226, 0, 0, 1, 0, 0, -0.0016382304020226, 0, 0.99999856948853, 0, -0.067156367003918, 0, -0.0054899593815207, 1, },
		{ 0.99999970197678, 0, 0.00066894118208438, 0, 0, 1, 0, 0, -0.00066894118208438, 0, 0.99999970197678, 0, -0.052801512181759, 0, -0.0027602384798229, 1, },
		{ 1, 0, 0, 0, 0, 1, 0, 0, 0, 0, 1, 0, -0.034033201634884, 0, -0.001496963435784, 1, },
		{ 0.99999988079071, 0, -0.00047418853500858, 0, 0, 1, 0, 0, 0.00047418853500858, 0, 0.99999988079071, 0, -0.011538696475327, 0, -0.00023376464378089, 1, },
		{ 0.99999970197678, 0, -0.00066322786733508, 0, 0, 1, 0, 0, 0.00066322786733508, 0, 0.99999970197678, 0, 0, 0, 0, 1, },
	},
}
end
