function data()
return { 
		times = { 0, 41.667000000000001591615728102624416351318359375, 83.332999999999998408384271897375583648681640625, 125, 166.667000000000001591615728102624416351318359375, 208.332999999999998408384271897375583648681640625, 250, 291.66699999999997316990629769861698150634765625, 333.33300000000002683009370230138301849365234375, 375, 416.66699999999997316990629769861698150634765625, 458.33300000000002683009370230138301849365234375, 500, 541.6670000000000300133251585066318511962890625, 583.3329999999999699866748414933681488037109375, 625, 666.6670000000000300133251585066318511962890625, 708.3329999999999699866748414933681488037109375, 750, 791.6670000000000300133251585066318511962890625, 833.3329999999999699866748414933681488037109375, 875, 916.6670000000000300133251585066318511962890625, 958.3329999999999699866748414933681488037109375, 1000, 1041.66699999999991632648743689060211181640625, 1083.33300000000008367351256310939788818359375, 1125, 1166.66699999999991632648743689060211181640625, 1208.33300000000008367351256310939788818359375, 1250, 1291.66699999999991632648743689060211181640625, 1333.33300000000008367351256310939788818359375, 1375, 1416.66699999999991632648743689060211181640625, 1458.33300000000008367351256310939788818359375, 1500, 1541.66699999999991632648743689060211181640625, 1583.33300000000008367351256310939788818359375, 1625, 1666.66699999999991632648743689060211181640625, 1708.33300000000008367351256310939788818359375, 1750, 1791.66699999999991632648743689060211181640625, 1833.33300000000008367351256310939788818359375, 1875, 1916.66699999999991632648743689060211181640625, 1958.33300000000008367351256310939788818359375, 2000, 2041.66699999999991632648743689060211181640625, 2083.33300000000008367351256310939788818359375, 2125, 2166.66699999999991632648743689060211181640625, 2208.33300000000008367351256310939788818359375, 2250, 2291.66699999999991632648743689060211181640625, 2333.33300000000008367351256310939788818359375, 2375, 2416.66699999999991632648743689060211181640625, 2458.33300000000008367351256310939788818359375, 2500, 2541.66699999999991632648743689060211181640625, 2583.33300000000008367351256310939788818359375, 2625, 2666.66699999999991632648743689060211181640625, 2708.33300000000008367351256310939788818359375, 2750, 2791.66699999999991632648743689060211181640625, 2833.33300000000008367351256310939788818359375, 2875, 2916.66699999999991632648743689060211181640625, 2958.33300000000008367351256310939788818359375, 3000, 3041.66699999999991632648743689060211181640625, 3083.33300000000008367351256310939788818359375, 3125, 3166.66699999999991632648743689060211181640625, 3208.33300000000008367351256310939788818359375, 3250, 3291.66699999999991632648743689060211181640625, 3333.33300000000008367351256310939788818359375, 3375, 3416.66699999999991632648743689060211181640625, 3458.33300000000008367351256310939788818359375, 3500, 3541.66699999999991632648743689060211181640625, 3583.33300000000008367351256310939788818359375, 3625, 3666.66699999999991632648743689060211181640625, 3708.33300000000008367351256310939788818359375, 3750, 3791.66699999999991632648743689060211181640625, 3833.33300000000008367351256310939788818359375, 3875, 3916.66699999999991632648743689060211181640625, 3958.33300000000008367351256310939788818359375, 4000, 4041.66699999999991632648743689060211181640625, 4083.33300000000008367351256310939788818359375, 4125, 4166.6670000000003710738383233547210693359375, },
		transfs = {
			{ 1, 0, 0.0000000000000000128888727059919983442947549745483115657407324761, 0, 0, 1, 0, 0, 0.0000000000000000128888727059919983442947549745483115657407324761, 0, 1, 0, 0, 0.00000000476837147544983963598497211933135986328125, 0, 1, },
			{ 1, -0.00000000000334032801418970848317258059978485107421875, 0.0002248025848530232906341552734375, 0, 0.00000000000334032801418970848317258059978485107421875, 1, -0.00000000000019451107391432742588222026824951171875, 0, -0.0002248025848530232906341552734375, 0.000000000000195399252334027551114559173583984375, 1, 0, 0.01624786294996738433837890625, 0.00000000476837147544983963598497211933135986328125, -0.001117858919315040111541748046875, 1, },
			{ 0.999999582767486572265625, -0.0000000000122846177674773571197874844074249267578125, 0.00082677067257463932037353515625, 0, 0.000000000012285227522779162967481170198880136013031005859375, 1, -0.0000000000007123190383893918120605803778744302690029144287109375, 0, -0.00082677067257463932037353515625, 0.00000000000072208905521620181389153003692626953125, 0.999999582767486572265625, 0, 0.0324237048625946044921875, 0.00000000476837147544983963598497211933135986328125, -0.0022357939742505550384521484375, 1, },
			{ 0.999998390674591064453125, -0.000000000026796509455806472033145837485790252685546875, 0.00180348218418657779693603515625, 0, 0.000000000026799285013368034924496896564960479736328125, 1, -0.0000000000015401013797600171528756618499755859375, 0, -0.00180348218418657779693603515625, 0.000000000001588062906003606666871519337291829288005828857421875, 0.999998390674591064453125, 0, 0.0484661869704723358154296875, 0.00000000476837147544983963598497211933135986328125, -0.0048770904541015625, 1, },
			{ 0.999995052814483642578125, -0.0000000000468161030775515740742775960825383663177490234375, 0.0031509851105511188507080078125, 0, 0.0000000000468247073059924190374658792279660701751708984375, 1, -0.00000000000265920597174174044852179576992057263851165771484375, 0, -0.0031509851105511188507080078125, 0.00000000000280664358941196123709005405544303357601165771484375, 0.999995052814483642578125, 0, 0.064310304820537567138671875, 0.00000000476837147544983963598497211933135986328125, -0.008521728217601776123046875, 1, },
			{ 0.999988138675689697265625, -0.000000000072260919470323869973071850836277008056640625, 0.0048638018779456615447998046875, 0, 0.000000000072281347573976972853415645658969879150390625, 1, -0.00000000000404298816647497005760669708251953125, 0, -0.0048638018779456615447998046875, 0.0000000000043938182085756505301787910866551101207733154296875, 0.999988138675689697265625, 0, 0.07989563047885894775390625, 0.00000000476837147544983963598497211933135986328125, -0.0131551362574100494384765625, 1, },
			{ 0.9999759197235107421875, -0.000000000103025088460384495192556641995906829833984375, 0.0069349296391010284423828125, 0, 0.00000000010306677733495916982064954936504364013671875, 1, -0.0000000000056576960998089287357970533776096999645233154296875, 0, -0.0069349296391010284423828125, 0.00000000000637268016134839854203164577484130859375, 0.9999759197235107421875, 0, 0.095159299671649932861328125, 0.00000000476837147544983963598497211933135986328125, -0.0187589265406131744384765625, 1, },
			{ 0.999956190586090087890625, -0.000000000138983102804246527739451266825199127197265625, 0.009356037713587284088134765625, 0, 0.000000000139059042059130888446816243231296539306640625, 1, -0.00000000000746513961757955257780849933624267578125, 0, -0.009356037713587284088134765625, 0.000000000008765431956658797929549109539948403835296630859375, 0.999956190586090087890625, 0, 0.11004149913787841796875, 0.00000000476837147544983963598497211933135986328125, -0.0253112018108367919921875, 1, },
			{ 0.99992656707763671875, -0.000000000179985859549702809090376831591129302978515625, 0.012117228470742702484130859375, 0, 0.00000000018011318825283950673110666684806346893310546875, 1, -0.0000000000094200203193395282141864299774169921875, 0, -0.012117228470742702484130859375, 0.000000000011602273829180997921639573178254067897796630859375, 0.99992656707763671875, 0, 0.124482117593288421630859375, 0.00000000476837147544983963598497211933135986328125, -0.032785721123218536376953125, 1, },
			{ 0.999884307384490966796875, -0.00000000022586559011994467027761857025325298309326171875, 0.01520736701786518096923828125, 0, 0.000000000226066110275979781363275833427906036376953125, 1, -0.00000000001147260064726651762612164020538330078125, 0, -0.01520736701786518096923828125, 0.00000000001490985113150600227527320384979248046875, 0.999884307384490966796875, 0, 0.13842712342739105224609375, 0.00000000476837147544983963598497211933135986328125, -0.0411534123122692108154296875, 1, },
			{ 0.999826729297637939453125, -0.0000000002764336815008761050194152630865573883056640625, 0.01861394010484218597412109375, 0, 0.000000000276734246629217750523821450769901275634765625, 1, -0.0000000000135713662530179135501384735107421875, 0, -0.01861394010484218597412109375, 0.0000000000187210247304392396472394466400146484375, 0.999826729297637939453125, 0, 0.1518185436725616455078125, 0.00000000476837147544983963598497211933135986328125, -0.050381086766719818115234375, 1, },
			{ 0.99975073337554931640625, -0.000000000331483007709465482548694126307964324951171875, 0.022323153913021087646484375, 0, 0.0000000003319151897773764403609675355255603790283203125, 1, -0.000000000015660361896152608096599578857421875, 0, -0.022323153913021087646484375, 0.00000000002306599182488877630703427712433040142059326171875, 0.99975073337554931640625, 0, 0.16460479795932769775390625, 0.00000000476837147544983963598497211933135986328125, -0.0604323558509349822998046875, 1, },
			{ 0.999653518199920654296875, -0.000000000390788457149682244562427513301372528076171875, 0.0263200514018535614013671875, 0, 0.0000000003913893653617606105399318039417266845703125, 1, -0.00000000001768274415780979325063526630401611328125, 0, -0.0263200514018535614013671875, 0.00000000002797850666425016896710076252929866313934326171875, 0.999653518199920654296875, 0, 0.17673553526401519775390625, 0.00000000476837147544983963598497211933135986328125, -0.0712673962116241455078125, 1, },
			{ 0.9995319843292236328125, -0.0000000004541074460906457943565328605473041534423828125, 0.0305884778499603271484375, 0, 0.0000000004549191301439492463032365776598453521728515625, 1, -0.00000000001957989326228926074691116809844970703125, 0, -0.0305884778499603271484375, 0.0000000000334861027795341215096414089202880859375, 0.9995319843292236328125, 0, 0.1881628334522247314453125, 0.00000000476837147544983963598497211933135986328125, -0.082843549549579620361328125, 1, },
			{ 0.99938333034515380859375, -0.000000000521182375035067479984718374907970428466796875, 0.0351112596690654754638671875, 0, 0.00000000052225190838584012453793548047542572021484375, 1, -0.00000000002129407761231050244532525539398193359375, 0, -0.0351112596690654754638671875, 0.0000000000396180865891437861137092113494873046875, 0.99938333034515380859375, 0, 0.19884307682514190673828125, 0.00000000476837147544983963598497211933135986328125, -0.095115281641483306884765625, 1, },
			{ 0.999204814434051513671875, -0.000000000591740267896767591082607395946979522705078125, 0.0398701839148998260498046875, 0, 0.000000000593119497960259423052775673568248748779296875, 1, -0.00000000002276934023270893447943308274261653423309326171875, 0, -0.0398701839148998260498046875, 0.0000000000463984371756875901837702258490025997161865234375, 0.999204814434051513671875, 0, 0.20873077213764190673828125, 0.00000000476837147544983963598497211933135986328125, -0.108033977448940277099609375, 1, },
			{ 0.99899387359619140625, -0.000000000665494326312909834086894989013671875, 0.044846110045909881591796875, 0, 0.000000000667239652418771811426267959177494049072265625, 1, -0.0000000000239506192656335770152509212493896484375, 0, -0.044846110045909881591796875, 0.0000000000538493659385519407578613026998937129974365234375, 0.99899387359619140625, 0, 0.2177886962890625, 0.00000000476837147544983963598497211933135986328125, -0.121548689901828765869140625, 1, },
			{ 0.99874818325042724609375, -0.00000000074214678846828974201343953609466552734375, 0.0500191114842891693115234375, 0, 0.000000000744318218171002854433027096092700958251953125, 1, -0.00000000002478728160226761900730707566253840923309326171875, 0, -0.0500191114842891693115234375, 0.000000000061987748267711140215396881103515625, 0.99874818325042724609375, 0, 0.2259817421436309814453125, 0.00000000476837147544983963598497211933135986328125, -0.13560615479946136474609375, 1, },
			{ 0.998466014862060546875, -0.000000000821387680094431971156154759228229522705078125, 0.0553684420883655548095703125, 0, 0.000000000824048662639853546352242119610309600830078125, 1, -0.0000000000252331489036805578507483005523681640625, 0, -0.0553684420883655548095703125, 0.00000000007082068265162888565100729465484619140625, 0.998466014862060546875, 0, 0.233276665210723876953125, 0.00000000476837147544983963598497211933135986328125, -0.150150835514068603515625, 1, },
			{ 0.998145520687103271484375, -0.000000000902897812071756789009668864309787750244140625, 0.060872741043567657470703125, 0, 0.000000000906114683285608180085546337068080902099609375, 1, -0.00000000002524647157997605972923338413238525390625, 0, -0.060872741043567657470703125, 0.00000000008035794252236883039586246013641357421875, 0.998145520687103271484375, 0, 0.23916900157928466796875, 0.00000000476837147544983963598497211933135986328125, -0.16512526571750640869140625, 1, },
			{ 0.997785747051239013671875, -0.0000000009863494465633948493632487952709197998046875, 0.066509999334812164306640625, 0, 0.00000000099019070720629542847746051847934722900390625, 1, -0.00000000002478994613752671938300409237854182720184326171875, 0, -0.066509999334812164306640625, 0.00000000009059331063099307357333600521087646484375, 0.997785747051239013671875, 0, 0.245061337947845458984375, 0.00000000476837147544983963598497211933135986328125, -0.18047042191028594970703125, 1, },
			{ 0.997385919094085693359375, -0.0000000010714089615504462926764972507953643798828125, 0.0722577869892120361328125, 0, 0.0000000010759435564722252820502035319805145263671875, 1, -0.00000000002383604424949226086027920246124267578125, 0, -0.0722577869892120361328125, 0.000000000101518793371724314056336879730224609375, 0.997385919094085693359375, 0, 0.2490096986293792724609375, 0.00000000476837147544983963598497211933135986328125, -0.19612564146518707275390625, 1, },
			{ 0.99694597721099853515625, -0.0000000011577354630531999646336771547794342041015625, 0.07809318602085113525390625, 0, 0.00000000116303322528210628661327064037322998046875, 1, -0.00000000002236077989437035284936428070068359375, 0, -0.07809318602085113525390625, 0.00000000011311751535458824946545064449310302734375, 0.99694597721099853515625, 0, 0.2529580593109130859375, 0.00000000476837147544983963598497211933135986328125, -0.21202933788299560546875, 1, },
			{ 0.996466338634490966796875, -0.000000001244985892157046691863797605037689208984375, 0.083993084728717803955078125, 0, 0.00000000125111565552060710615478456020355224609375, 1, -0.0000000000203499439521692693233489990234375, 0, -0.083993084728717803955078125, 0.0000000001253628312269938760437071323394775390625, 0.996466338634490966796875, 0, 0.251853644847869873046875, 0.00000000476837147544983963598497211933135986328125, -0.22811882197856903076171875, 1, },
			{ 0.99594771862030029296875, -0.000000001332811638832254175213165581226348876953125, 0.08993397653102874755859375, 0, 0.00000000133984112693497081636451184749603271484375, 1, -0.00000000001779731743922763342879989068023860454559326171875, 0, -0.08993397653102874755859375, 0.00000000013822276656583198928274214267730712890625, 0.99594771862030029296875, 0, 0.2507492005825042724609375, 0.00000000476837147544983963598497211933135986328125, -0.24432997405529022216796875, 1, },
			{ 0.9953916072845458984375, -0.000000001420867423718163990997709333896636962890625, 0.09589254856109619140625, 0, 0.00000000142886158460697743066702969372272491455078125, 1, -0.00000000001470379373813557322137057781219482421875, 0, -0.09589254856109619140625, 0.00000000015165380062853728304617106914520263671875, 0.9953916072845458984375, 0, 0.249644458293914794921875, 0.00000000476837147544983963598497211933135986328125, -0.260599672794342041015625, 1, },
			{ 0.99480020999908447265625, -0.00000000150880286042820443981327116489410400390625, 0.10184507071971893310546875, 0, 0.00000000151782320045867891167290508747100830078125, 1, -0.0000000000110791376073393621481955051422119140625, 0, -0.10184507071971893310546875, 0.00000000016560440518897934225606149993836879730224609375, 0.99480020999908447265625, 0, 0.24854002892971038818359375, 0.00000000476837147544983963598497211933135986328125, -0.2768631279468536376953125, 1, },
			{ 0.99417603015899658203125, -0.000000001596272891646322023007087409496307373046875, 0.107768200337886810302734375, 0, 0.0000000016063761432150158725562505424022674560546875, 1, -0.0000000000069420020946953098217591104912571609020233154296875, 0, -0.107768200337886810302734375, 0.0000000001800177784616607823409140110015869140625, 0.99417603015899658203125, 0, 0.2474355995655059814453125, 0.00000000476837147544983963598497211933135986328125, -0.2930562794208526611328125, 1, },
			{ 0.993522167205810546875, -0.000000001682933348234882942051626741886138916015625, 0.113638572394847869873046875, 0, 0.00000000169417102569013877655379474163055419921875, 1, -0.00000000000231725749699762673117220401763916015625, 0, -0.113638572394847869873046875, 0.0000000001948254890749012702144682407379150390625, 0.993522167205810546875, 0, 0.24633087217807769775390625, 0.00000000476837147544983963598497211933135986328125, -0.3091152012348175048828125, 1, },
			{ 0.992842197418212890625, -0.00000000176844527910446913665509782731533050537109375, 0.119433157145977020263671875, 0, 0.00000000178086245750108673746581189334392547607421875, 1, 0.0000000000027586821715885889716446399688720703125, 0, -0.119433157145977020263671875, 0.00000000020995470639828539560767239890992641448974609375, 0.992842197418212890625, 0, 0.24522642791271209716796875, 0.0000000095367429508996792719699442386627197265625, -0.3249766528606414794921875, 1, },
			{ 0.992140471935272216796875, -0.0000000018524752842807856723084114491939544677734375, 0.125129282474517822265625, 0, 0.0000000018661097112016022947500459849834442138671875, 1, 0.000000000008245848448495962657034397125244140625, 0, -0.125129282474517822265625, 0.000000000225323759650564170442521572113037109375, 0.992140471935272216796875, 0, 0.2441219985485076904296875, 0.0000000095367429508996792719699442386627197265625, -0.3405778706073760986328125, 1, },
			{ 0.991421282291412353515625, -0.0000000019346952928600558152538724243640899658203125, 0.13070462644100189208984375, 0, 0.00000000194957738841594618861563503742218017578125, 1, 0.00000000001409450334222128731198608875274658203125, 0, -0.13070462644100189208984375, 0.00000000024084556571324355900287628173828125, 0.991421282291412353515625, 0, 0.23805175721645355224609375, 0.0000000095367429508996792719699442386627197265625, -0.3558577001094818115234375, 1, },
			{ 0.9906899929046630859375, -0.0000000020147858936780949079548008739948272705078125, 0.13613735139369964599609375, 0, 0.000000002030936752106526910210959613323211669921875, 1, 0.0000000000202504679691628552973270416259765625, 0, -0.13613735139369964599609375, 0.00000000025642510337320345570333302021026611328125, 0.9906899929046630859375, 0, 0.23198150098323822021484375, 0.0000000095367429508996792719699442386627197265625, -0.37075519561767578125, 1, },
			{ 0.989951670169830322265625, -0.0000000020924364463326128316111862659454345703125, 0.1414062976837158203125, 0, 0.000000002109867835997647489421069622039794921875, 1, 0.0000000000266506816615219577215611934661865234375, 0, -0.1414062976837158203125, 0.0000000002719655334271209312646533362567424774169921875, 0.989951670169830322265625, 0, 0.2245156764984130859375, 0.0000000095367429508996792719699442386627197265625, -0.3852118551731109619140625, 1, },
			{ 0.98921191692352294921875, -0.0000000021673491890084051192388869822025299072265625, 0.14649105072021484375, 0, 0.0000000021860635524006966079468838870525360107421875, 1, 0.0000000000332303073946604854427278041839599609375, 0, -0.14649105072021484375, 0.00000000028736746315871641854755580425262451171875, 0.98921191692352294921875, 0, 0.21615874767303466796875, 0.0000000095367429508996792719699442386627197265625, -0.3991707861423492431640625, 1, },
			{ 0.988476932048797607421875, -0.000000002239233243273019979824312031269073486328125, 0.15137173235416412353515625, 0, 0.0000000022592232529206057733972556889057159423828125, 1, 0.00000000003991917907342212856747210025787353515625, 0, -0.15137173235416412353515625, 0.00000000030252333971247935551218688488006591796875, 0.988476932048797607421875, 0, 0.206942737102508544921875, 0.0000000095367429508996792719699442386627197265625, -0.41257679462432861328125, 1, },
			{ 0.98775231838226318359375, -0.000000002307813939950165149639360606670379638671875, 0.15602947771549224853515625, 0, 0.000000002329060944106231545447371900081634521484375, 1, 0.00000000004664446606739147682674229145050048828125, 0, -0.15602947771549224853515625, 0.0000000003173292462133048275063629262149333953857421875, 0.98775231838226318359375, 0, 0.19690306484699249267578125, 0.0000000095367429508996792719699442386627197265625, -0.425376832485198974609375, 1, },
			{ 0.987044513225555419921875, -0.000000002372827712093794616521336138248443603515625, 0.1604461967945098876953125, 0, 0.00000000239530262291509643546305596828460693359375, 1, 0.00000000005333067321089401957578957080841064453125, 0, -0.1604461967945098876953125, 0.000000000331677796339135966263711452484130859375, 0.987044513225555419921875, 0, 0.18608061969280242919921875, 0.0000000095367429508996792719699442386627197265625, -0.43752038478851318359375, 1, },
			{ 0.986359536647796630859375, -0.00000000243402809019244159571826457977294921875, 0.1646049022674560546875, 0, 0.000000002457691383739302182220853865146636962890625, 1, 0.000000000059902305338255246169865131378173828125, 0, -0.1646049022674560546875, 0.0000000003454631858357259943659300915896892547607421875, 0.986359536647796630859375, 0, 0.17451782524585723876953125, 0.0000000095367429508996792719699442386627197265625, -0.448959887027740478515625, 1, },
			{ 0.985703408718109130859375, -0.00000000249117970696488555404357612133026123046875, 0.1684894859790802001953125, 0, 0.00000000251598120115659185103140771389007568359375, 1, 0.000000000066282083988067341806527110747992992401123046875, 0, -0.1684894859790802001953125, 0.00000000035858160885027245967648923397064208984375, 0.985703408718109130859375, 0, 0.1622607409954071044921875, 0.0000000095367429508996792719699442386627197265625, -0.4596499502658843994140625, 1, },
			{ 0.985082149505615234375, -0.000000002544064958698299960815347731113433837890625, 0.1720848977565765380859375, 0, 0.000000002569944257402312359772622585296630859375, 1, 0.0000000000723954229897572076879441738128662109375, 0, -0.1720848977565765380859375, 0.00000000037093261795462240115739405155181884765625, 0.985082149505615234375, 0, 0.14935638010501861572265625, 0.0000000095367429508996792719699442386627197265625, -0.4695480763912200927734375, 1, },
			{ 0.984501302242279052734375, -0.00000000259248356115904243779368698596954345703125, 0.17537735402584075927734375, 0, 0.00000000261937049828020462882705032825469970703125, 1, 0.000000000078170359074647421948611736297607421875, 0, -0.17537735402584075927734375, 0.0000000003824194017010285051583196036517620086669921875, 0.984501302242279052734375, 0, 0.1358581483364105224609375, 0.0000000095367429508996792719699442386627197265625, -0.478615701198577880859375, 1, },
			{ 0.983966350555419921875, -0.0000000026362518834588399840868078172206878662109375, 0.1783541738986968994140625, 0, 0.0000000026640669670285888059879653155803680419921875, 1, 0.0000000000835367330864755786024034023284912109375, 0, -0.1783541738986968994140625, 0.0000000003929496450449931899129296652972698211669921875, 0.983966350555419921875, 0, 0.121816098690032958984375, 0.0000000095367429508996792719699442386627197265625, -0.4868166148662567138671875, 1, },
			{ 0.983482301235198974609375, -0.0000000026752056125900480765267275273799896240234375, 0.18100400269031524658203125, 0, 0.0000000027038604688556233668350614607334136962890625, 1, 0.00000000008842970800060356850735843181610107421875, 0, -0.18100400269031524658203125, 0.0000000004024398314594890280204708687961101531982421875, 0.983482301235198974609375, 0, 0.10728789865970611572265625, 0.0000000095367429508996792719699442386627197265625, -0.4941190183162689208984375, 1, },
			{ 0.9830539226531982421875, -0.000000002709196422756576794199645519256591796875, 0.18331654369831085205078125, 0, 0.000000002738593796181021389202214777469635009765625, 1, 0.00000000009278977586291148327291011810302734375, 0, -0.18331654369831085205078125, 0.0000000004108127171775777242146432399749755859375, 0.9830539226531982421875, 0, 0.092330016195774078369140625, 0.0000000095367429508996792719699442386627197265625, -0.500493705272674560546875, 1, },
			{ 0.98268520832061767578125, -0.000000002738094195819940068759024143218994140625, 0.18528290092945098876953125, 0, 0.000000002768131945884988454054109752178192138671875, 1, 0.000000000096562750850903711352657410316169261932373046875, 0, -0.18528290092945098876953125, 0.00000000041799719241453203721903264522552490234375, 0.98268520832061767578125, 0, 0.0770022571086883544921875, 0.0000000095367429508996792719699442386627197265625, -0.505915462970733642578125, 1, },
			{ 0.982379734516143798828125, -0.0000000027617941267266132854274474084377288818359375, 0.1868956983089447021484375, 0, 0.0000000027923612311298029453610070049762725830078125, 1, 0.000000000099702461564543654048975440673530101776123046875, 0, -0.1868956983089447021484375, 0.000000000423934665150227374397218227386474609375, 0.982379734516143798828125, 0, 0.06136322021484375, 0.0000000095367429508996792719699442386627197265625, -0.510363042354583740234375, 1, },
			{ 0.98214054107666015625, -0.0000000027802034008317377811181358993053436279296875, 0.18814860284328460693359375, 0, 0.0000000028111857286461372495978139340877532958984375, 1, 0.000000000102169821214470601944412919692695140838623046875, 0, -0.18814860284328460693359375, 0.00000000042857539739316052873618900775909423828125, 0.98214054107666015625, 0, 0.0454754643142223358154296875, 0.0000000095367429508996792719699442386627197265625, -0.51381886005401611328125, 1, },
			{ 0.98196995258331298828125, -0.000000002793254960664626196376048028469085693359375, 0.189036905765533447265625, 0, 0.000000002824533051892785806558094918727874755859375, 1, 0.000000000103934631734414750781070324592292308807373046875, 0, -0.189036905765533447265625, 0.0000000004318811697157087792220409028232097625732421875, 0.98196995258331298828125, 0, 0.02940460108220577239990234375, 0.0000000095367429508996792719699442386627197265625, -0.51626908779144287109375, 1, },
			{ 0.981869637966156005859375, -0.000000002800898624144565474125556647777557373046875, 0.1895571649074554443359375, 0, 0.0000000028323505762983813838218338787555694580078125, 1, 0.0000000001049738074243578012101352214813232421875, 0, -0.1895571649074554443359375, 0.0000000004338227277411732529799337498843669891357421875, 0.981869637966156005859375, 0, 0.013210753910243511199951171875, 0.0000000095367429508996792719699442386627197265625, -0.517704546451568603515625, 1, },
			{ 0.981876432895660400390625, -0.00000000280038392475034925155341625213623046875, 0.18952214717864990234375, 0, 0.000000002831824108540104134590364992618560791015625, 1, 0.00000000010490364132920149131678044795989990234375, 0, -0.18952214717864990234375, 0.0000000004336912773350576344455475918948650360107421875, 0.981876432895660400390625, 0, -0.00304229720495641231536865234375, 0.0000000095367429508996792719699442386627197265625, -0.5176079273223876953125, 1, },
			{ 0.981883227825164794921875, -0.0000000027998690033115281039499677717685699462890625, 0.18948711454868316650390625, 0, 0.0000000028312980848710367354215122759342193603515625, 1, 0.000000000104833468295151277516197296790778636932373046875, 0, -0.18948711454868316650390625, 0.0000000004335598269289420159111614339053630828857421875, 0.981883227825164794921875, 0, -0.0192895494401454925537109375, 0.0000000095367429508996792719699442386627197265625, -0.517511308193206787109375, 1, },
			{ 0.981996834278106689453125, -0.000000002791200159890649956651031970977783203125, 0.1888970434665679931640625, 0, 0.000000002822431621751775310258381068706512451171875, 1, 0.000000000103655743710628911458115908317267894744873046875, 0, -0.1888970434665679931640625, 0.0000000004313598089833448057106579653918743133544921875, 0.981996834278106689453125, 0, -0.0354660041630268096923828125, 0.0000000095367429508996792719699442386627197265625, -0.51588344573974609375, 1, },
			{ 0.98218059539794921875, -0.000000002777130969633390122908167541027069091796875, 0.18793947994709014892578125, 0, 0.0000000028080437974864480565884150564670562744140625, 1, 0.000000000101756818249310043711375328712165355682373046875, 0, -0.18793947994709014892578125, 0.000000000427800017632762319408357143402099609375, 0.98218059539794921875, 0, -0.0515072606503963470458984375, 0.0000000095367429508996792719699442386627197265625, -0.51324188709259033203125, 1, },
			{ 0.982432544231414794921875, -0.0000000027577147232449306102353148162364959716796875, 0.18661807477474212646484375, 0, 0.000000002788190567315496082301251590251922607421875, 1, 0.000000000099158896371687177406784030608832836151123046875, 0, -0.18661807477474212646484375, 0.0000000004229097072538934298790991306304931640625, 0.982432544231414794921875, 0, -0.067353211343288421630859375, 0.0000000095367429508996792719699442386627197265625, -0.509597599506378173828125, 1, },
			{ 0.982750117778778076171875, -0.000000002733025805667921304120682179927825927734375, 0.18493796885013580322265625, 0, 0.0000000027629505350290628484799526631832122802734375, 1, 0.000000000095896617036128617428403231315314769744873046875, 0, -0.18493796885013580322265625, 0.0000000004167323985893034432592685334384441375732421875, 0.982750117778778076171875, 0, -0.082939453423023223876953125, 0.0000000095367429508996792719699442386627197265625, -0.50496423244476318359375, 1, },
			{ 0.98313045501708984375, -0.0000000027031543670119617672753520309925079345703125, 0.18290545046329498291015625, 0, 0.000000002732419179807266118586994707584381103515625, 1, 0.000000000092008171914681469161223503760993480682373046875, 0, -0.18290545046329498291015625, 0.0000000004093178851416467978197033517062664031982421875, 0.98313045501708984375, 0, -0.09820556640625, 0.0000000095367429508996792719699442386627197265625, -0.4993604123592376708984375, 1, },
			{ 0.983569681644439697265625, -0.0000000026682152043377982408856041729450225830078125, 0.18052841722965240478515625, 0, 0.0000000026967181820936048097792081534862518310546875, 1, 0.00000000008754330593774284352548420429229736328125, 0, -0.18052841722965240478515625, 0.0000000004007300880015662869482184760272502899169921875, 0.983569681644439697265625, 0, -0.11308746039867401123046875, 0.0000000095367429508996792719699442386627197265625, -0.492808520793914794921875, 1, },
			{ 0.98406374454498291015625, -0.000000002628338879873126643360592424869537353515625, 0.1778159439563751220703125, 0, 0.000000002655985209543132441467605531215667724609375, 1, 0.0000000000825561841111266403459012508392333984375, 0, -0.1778159439563751220703125, 0.0000000003910365087289591201624716632068157196044921875, 0.98406374454498291015625, 0, -0.12753020226955413818359375, 0.0000000095367429508996792719699442386627197265625, -0.48533380031585693359375, 1, },
			{ 0.984607756137847900390625, -0.0000000025836783823507403212715871632099151611328125, 0.1747785508632659912109375, 0, 0.0000000026103805783606048862566240131855010986328125, 1, 0.00000000007710720950626637204550206661224365234375, 0, -0.1747785508632659912109375, 0.00000000038031799931559362448751926422119140625, 0.984607756137847900390625, 0, -0.1414755284786224365234375, 0.0000000095367429508996792719699442386627197265625, -0.47696626186370849609375, 1, },
			{ 0.98519670963287353515625, -0.0000000025344000231797281230683438479900360107421875, 0.17142777144908905029296875, 0, 0.000000002560080591962332619004882872104644775390625, 1, 0.00000000007126299550463954801671206951141357421875, 0, -0.17142777144908905029296875, 0.00000000036866065755702948081307113170623779296875, 0.98519670963287353515625, 0, -0.15486907958984375, 0.0000000095367429508996792719699442386627197265625, -0.4677387773990631103515625, 1, },
			{ 0.985825061798095703125, -0.000000002480692540274276325362734496593475341796875, 0.1677766144275665283203125, 0, 0.0000000025052833141359087676391936838626861572265625, 1, 0.000000000065093701262508574245657655410468578338623046875, 0, -0.1677766144275665283203125, 0.00000000035615688176449111779220402240753173828125, 0.985825061798095703125, 0, -0.1676571667194366455078125, 0.0000000095367429508996792719699442386627197265625, -0.457687556743621826171875, 1, },
			{ 0.98648703098297119140625, -0.000000002422757550135656856582500040531158447265625, 0.16383898258209228515625, 0, 0.0000000024461996872560121119022369384765625, 1, 0.000000000058671283109656968690615030936896800994873046875, 0, -0.16383898258209228515625, 0.000000000342904371564145549200475215911865234375, 0.98648703098297119140625, 0, -0.179789125919342041015625, 0.0000000095367429508996792719699442386627197265625, -0.44685268402099609375, 1, },
			{ 0.9871768951416015625, -0.000000002360817763502609523129649460315704345703125, 0.15963019430637359619140625, 0, 0.000000002383063080202418859698809683322906494140625, 1, 0.0000000000520730090991516902931834920309484004974365234375, 0, -0.15963019430637359619140625, 0.00000000032900349111741888918913900852203369140625, 0.9871768951416015625, 0, -0.1912194788455963134765625, 0.0000000095367429508996792719699442386627197265625, -0.4352765977382659912109375, 1, },
			{ 0.987888336181640625, -0.0000000022951101019685893334099091589450836181640625, 0.15516658127307891845703125, 0, 0.0000000023161212947542253459687344729900360107421875, 1, 0.0000000000453734827488005976192653179168701171875, 0, -0.15516658127307891845703125, 0.000000000314560821834675152786076068878173828125, 0.987888336181640625, 0, -0.20189940929412841796875, 0.0000000095367429508996792719699442386627197265625, -0.4230048358440399169921875, 1, },
			{ 0.988615214824676513671875, -0.000000002225883921624927097582258284091949462890625, 0.1504652500152587890625, 0, 0.00000000224563390105458893231116235256195068359375, 1, 0.00000000003864908393325094948522746562957763671875, 0, -0.1504652500152587890625, 0.00000000029968116876943895476870238780975341796875, 0.988615214824676513671875, 0, -0.2117883265018463134765625, 0.0000000095367429508996792719699442386627197265625, -0.4100863635540008544921875, 1, },
			{ 0.989351689815521240234375, -0.00000000215340545395292792818509042263031005859375, 0.1455444991588592529296875, 0, 0.0000000021718780107704560577985830605030059814453125, 1, 0.0000000000319753078181772565358187421225011348724365234375, 0, -0.1455444991588592529296875, 0.00000000028447022515365461003966629505157470703125, 0.989351689815521240234375, 0, -0.22084869444370269775390625, 0.0000000095367429508996792719699442386627197265625, -0.3965716063976287841796875, 1, },
			{ 0.9900915622711181640625, -0.000000002077952476753353039384819567203521728515625, 0.1404233872890472412109375, 0, 0.0000000020951416157544144880375824868679046630859375, 1, 0.00000000002542410726391608477570116519927978515625, 0, -0.1404233872890472412109375, 0.00000000026903368421926643350161612033843994140625, 0.9900915622711181640625, 0, -0.2290432751178741455078125, 0.0000000095367429508996792719699442386627197265625, -0.3825143873691558837890625, 1, },
			{ 0.990828990936279296875, -0.00000000199981631254786407225765287876129150390625, 0.13512180745601654052734375, 0, 0.0000000020157260305353474905132316052913665771484375, 1, 0.00000000001906563622255941226057984749786555767059326171875, 0, -0.13512180745601654052734375, 0.00000000025347812737663844018243253231048583984375, 0.990828990936279296875, 0, -0.2363400161266326904296875, 0.0000000095367429508996792719699442386627197265625, -0.3679697811603546142578125, 1, },
			{ 0.991558372974395751953125, -0.000000001919299830177578769507817924022674560546875, 0.12966053187847137451171875, 0, 0.000000001933944115961594434338621795177459716796875, 1, 0.000000000012963851346581289902815115056000649929046630859375, 0, -0.12966053187847137451171875, 0.0000000002379021424303573439829051494598388671875, 0.991558372974395751953125, 0, -0.24270872771739959716796875, 0.0000000095367429508996792719699442386627197265625, -0.3529955446720123291015625, 1, },
			{ 0.99227464199066162109375, -0.00000000183671200471025031220051459968090057373046875, 0.12406061589717864990234375, 0, 0.00000000185011383990740796434693038463592529296875, 1, 0.00000000000717914616643611225299537181854248046875, 0, -0.12406061589717864990234375, 0.00000000022240254082817045855335891246795654296875, 0.99227464199066162109375, 0, -0.247640073299407958984375, 0.0000000095367429508996792719699442386627197265625, -0.337650239467620849609375, 1, },
			{ 0.9929726123809814453125, -0.00000000175237724331367417107685469090938568115234375, 0.118344195187091827392578125, 0, 0.000000001764568491324780552531592547893524169921875, 1, 0.000000000001765698589943631713339300404186360538005828857421875, 0, -0.118344195187091827392578125, 0.00000000020707258130414629704318940639495849609375, 0.9929726123809814453125, 0, -0.25257110595703125, 0.0000000095367429508996792719699442386627197265625, -0.3219950497150421142578125, 1, },
			{ 0.993647873401641845703125, -0.00000000166662272871320737976930104196071624755859375, 0.112533532083034515380859375, 0, 0.0000000016776422473441243710112757980823516845703125, 1, -0.0000000000032276403771902550943195819854736328125, 0, -0.112533532083034515380859375, 0.00000000019199841716499577159993350505828857421875, 0.993647873401641845703125, 0, -0.2550164759159088134765625, 0.0000000095367429508996792719699442386627197265625, -0.3060914576053619384765625, 1, },
			{ 0.994296491146087646484375, -0.000000001579782971106169497943483293056488037109375, 0.106651403009891510009765625, 0, 0.00000000158967716767932643051608465611934661865234375, 1, -0.000000000007762679388179094530642032623291015625, 0, -0.106651403009891510009765625, 0.00000000017725909629007219336926937103271484375, 0.994296491146087646484375, 0, -0.25746214389801025390625, 0.0000000095367429508996792719699442386627197265625, -0.2900021970272064208984375, 1, },
			{ 0.99491465091705322265625, -0.00000000149219869793881798614165745675563812255859375, 0.100720942020416259765625, 0, 0.00000000150102030804788455498055554926395416259765625, 1, -0.00000000001180477937623436446301639080047607421875, 0, -0.100720942020416259765625, 0.00000000016292832361042286493102437816560268402099609375, 0.99491465091705322265625, 0, -0.2599075138568878173828125, 0.00000000476837147544983963598497211933135986328125, -0.2737908065319061279296875, 1, },
			{ 0.995499551296234130859375, -0.0000000014042134122149718677974306046962738037109375, 0.09476543962955474853515625, 0, 0.0000000014120205005241359685896895825862884521484375, 1, -0.000000000015329959524024161510169506072998046875, 0, -0.09476543962955474853515625, 0.00000000014907185208468121118130511604249477386474609375, 0.995499551296234130859375, 0, -0.258288860321044921875, 0.00000000476837147544983963598497211933135986328125, -0.2575213611125946044921875, 1, },
			{ 0.996048748493194580078125, -0.00000000131617394760752404181403107941150665283203125, 0.088808380067348480224609375, 0, 0.0000000013230285755838622208102606236934661865234375, 1, -0.000000000018321344441574183292686939239501953125, 0, -0.088808380067348480224609375, 0.00000000013574474877486863988451659679412841796875, 0.996048748493194580078125, 0, -0.2566699087619781494140625, 0.00000000476837147544983963598497211933135986328125, -0.2412579357624053955078125, 1, },
