function data()
return { 
		times = { 0, 41.667000000000001591615728102624416351318359375, 83.332999999999998408384271897375583648681640625, 125, 166.667000000000001591615728102624416351318359375, 208.332999999999998408384271897375583648681640625, 250, 291.66699999999997316990629769861698150634765625, 333.33300000000002683009370230138301849365234375, 375, 416.66699999999997316990629769861698150634765625, 458.33300000000002683009370230138301849365234375, 500, 541.6670000000000300133251585066318511962890625, 583.3329999999999699866748414933681488037109375, 625, 666.6670000000000300133251585066318511962890625, 708.3329999999999699866748414933681488037109375, 750, 791.6670000000000300133251585066318511962890625, 833.3329999999999699866748414933681488037109375, 875, 916.6670000000000300133251585066318511962890625, 958.3329999999999699866748414933681488037109375, 1000, 1041.66699999999991632648743689060211181640625, 1083.33300000000008367351256310939788818359375, 1125, 1166.66699999999991632648743689060211181640625, 1208.33300000000008367351256310939788818359375, 1250, 1291.66699999999991632648743689060211181640625, 1333.33300000000008367351256310939788818359375, 1375, 1416.66699999999991632648743689060211181640625, 1458.33300000000008367351256310939788818359375, 1500, 1541.66699999999991632648743689060211181640625, 1583.33300000000008367351256310939788818359375, 1625, 1666.66699999999991632648743689060211181640625, 1708.33300000000008367351256310939788818359375, 1750, 1791.66699999999991632648743689060211181640625, 1833.33300000000008367351256310939788818359375, 1875, 1916.66699999999991632648743689060211181640625, 1958.33300000000008367351256310939788818359375, 2000, 2041.66699999999991632648743689060211181640625, 2083.33300000000008367351256310939788818359375, 2125, 2166.66699999999991632648743689060211181640625, 2208.33300000000008367351256310939788818359375, 2250, 2291.66699999999991632648743689060211181640625, 2333.33300000000008367351256310939788818359375, 2375, 2416.66699999999991632648743689060211181640625, 2458.33300000000008367351256310939788818359375, 2500, 2541.66699999999991632648743689060211181640625, 2583.33300000000008367351256310939788818359375, 2625, 2666.66699999999991632648743689060211181640625, 2708.33300000000008367351256310939788818359375, 2750, 2791.66699999999991632648743689060211181640625, 2833.33300000000008367351256310939788818359375, 2875, 2916.66699999999991632648743689060211181640625, 2958.33300000000008367351256310939788818359375, 3000, 3041.66699999999991632648743689060211181640625, 3083.33300000000008367351256310939788818359375, 3125, 3166.66699999999991632648743689060211181640625, 3208.33300000000008367351256310939788818359375, 3250, 3291.66699999999991632648743689060211181640625, 3333.33300000000008367351256310939788818359375, 3375, 3416.66699999999991632648743689060211181640625, 3458.33300000000008367351256310939788818359375, 3500, 3541.66699999999991632648743689060211181640625, 3583.33300000000008367351256310939788818359375, 3625, 3666.66699999999991632648743689060211181640625, 3708.33300000000008367351256310939788818359375, 3750, 3791.66699999999991632648743689060211181640625, 3833.33300000000008367351256310939788818359375, 3875, 3916.66699999999991632648743689060211181640625, 3958.33300000000008367351256310939788818359375, 4000, 4041.66699999999991632648743689060211181640625, 4083.33300000000008367351256310939788818359375, 4125, 4166.6670000000003710738383233547210693359375, },
		transfs = {
			{ 0.99999988079071044921875, -0.00000000000000011102230246251565404236316680908203125, 0.0000000000000000093816269087671610028399821201716690666216891259, 0, 0, 1, 0.00000000000000088817841970012523233890533447265625, 0, 0.0000000000000000093816343533926739800890559628498976962873712182, 0, 0.99999988079071044921875, 0, 0.00000030517577442878973670303821563720703125, 0, 0.000000019073485901799358543939888477325439453125, 1, },
			{ 1, -0.0000000000017610357616604233044199645519256591796875, -0.000187732279300689697265625, 0, 0.0000000000017610357616604233044199645519256591796875, 1, -0.0000000000001865174545844991427223646951460978016257286071777344, 0, 0.00018773972988128662109375, 0.0000000000001874056330041992679547036004805704578757286071777344, 1, 0, -0.01605804450809955596923828125, 0, 0.00192800513468682765960693359375, 1, },
			{ 0.999999701976776123046875, -0.0000000000070371482079056857372734157252125442028045654296875, -0.000750176608562469482421875, 0, 0.0000000000070364820740909106433491615462116897106170654296875, 1, -0.0000000000007531752456955975727481700232601724565029144287109375, 0, 0.000750176608562469482421875, 0.00000000000074695805096780532039701938629150390625, 0.999999701976776123046875, 0, -0.0319641120731830596923828125, 0, 0.004860992543399333953857421875, 1, },
			{ 0.999998509883880615234375, -0.00000000001580791053612529140082187950611114501953125, -0.001685082912445068359375, 0, 0.00000000001580502395626126599381677806377410888671875, 1, -0.000000000001698197030046422195681543598766438663005828857421875, 0, 0.001685090363025665283203125, 0.0000000000016715517858756356872618198394775390625, 0.999998509883880615234375, 0, -0.0476547218859195709228515625, 0, 0.00878749787807464599609375, 1, },
			{ 0.999995410442352294921875, -0.00000000002803857146460586591274477541446685791015625, -0.00298864371143281459808349609375, 0, 0.000000000028029578658106402144767343997955322265625, 1, -0.000000000003030464768016827292740345001220703125, 0, 0.00298864371143281459808349609375, 0.00000000000294608760130488089856726219295524060726165771484375, 0.999995410442352294921875, 0, -0.063069760799407958984375, 0, 0.013691940344870090484619140625, 1, },
			{ 0.999989092350006103515625, -0.00000000004368139183696939653600566089153289794921875, -0.004655607044696807861328125, 0, 0.000000000043659742487989205983467400074005126953125, 1, -0.000000000004757083615913870744407176971435546875, 0, 0.0046556140296161174774169921875, 0.00000000000455457893622224219143390655517578125, 0.999989092350006103515625, 0, -0.07814605534076690673828125, 0, 0.0195548236370086669921875, 1, },
			{ 0.999977648258209228515625, -0.00000000006267431018613933701999485492706298828125, -0.006679169833660125732421875, 0, 0.00000000006262956819824694321141578257083892822265625, 1, -0.0000000000068878232110936021825864372658543288707733154296875, 0, 0.0066791768185794353485107421875, 0.00000000000647037978751541231758892536163330078125, 0.999977648258209228515625, 0, -0.09282501041889190673828125, 0, 0.0263532437384128570556640625, 1, },
			{ 0.99995899200439453125, -0.000000000084943774236734270743909291923046112060546875, -0.00905127823352813720703125, 0, 0.00000000008486178426636570293339900672435760498046875, 1, -0.00000000000943689570931383059360086917877197265625, 0, 0.009051285684108734130859375, 0.00000000000866773319785352214239537715911865234375, 0.99995899200439453125, 0, -0.1070492565631866455078125, 0, 0.03406034409999847412109375, 1, },
			{ 0.999930679798126220703125, -0.000000000110402076369808810341055504977703094482421875, -0.011762320995330810546875, 0, 0.00000000011026368706978928457829169929027557373046875, 1, -0.000000000012411404369527812008300315937958657741546630859375, 0, 0.011762328445911407470703125, 0.0000000000111146647441273671574890613555908203125, 0.999930679798126220703125, 0, -0.120763547718524932861328125, 0, 0.042645700275897979736328125, 1, },
			{ 0.999890267848968505859375, -0.00000000013894844996809041504093329422175884246826171875, -0.01480127871036529541015625, 0, 0.0000000001387292503096659856964834034442901611328125, 1, -0.00000000001583000397431533201597630977630615234375, 0, 0.014801285229623317718505859375, 0.000000000013775646422187204365172874531708657741546630859375, 0.999890267848968505859375, 0, -0.1339111328125, 0, 0.0520753450691699981689453125, 1, },
			{ 0.99983513355255126953125, -0.000000000170471192717513986281119287014007568359375, -0.018155939877033233642578125, 0, 0.0000000001701414564792003147886134684085845947265625, 1, -0.00000000001970423824104727827943861484527587890625, 0, 0.018155954778194427490234375, 0.00000000001661160098365144222043454647064208984375, 0.99983513355255126953125, 0, -0.146441042423248291015625, 0, 0.0623121447861194610595703125, 1, },
			{ 0.999761998653411865234375, -0.00000000020484713925128517075791023671627044677734375, -0.021812893450260162353515625, 0, 0.00000000020437117276284055833457387052476406097412109375, 1, -0.00000000002404743071338089066557586193084716796875, 0, 0.021812915802001953125, 0.0000000000195843341543877613730728626251220703125, 0.999761998653411865234375, 0, -0.15830413997173309326171875, 0, 0.073315657675266265869140625, 1, },
			{ 0.999668121337890625, -0.0000000002419404399045532727541285566985607147216796875, -0.0257573239505290985107421875, 0, 0.000000000241276776336007969803176820278167724609375, 1, -0.00000000002887290233288819507606604020111262798309326171875, 0, 0.0257573388516902923583984375, 0.000000000022648549702353193424642086029052734375, 0.999668121337890625, 0, -0.1694552600383758544921875, 0, 0.085042476654052734375, 1, },
			{ 0.99955070018768310546875, -0.000000000281605683216668012391892261803150177001953125, -0.029973410069942474365234375, 0, 0.00000000028070690216708271691459231078624725341796875, 1, -0.000000000034191316444776020944118499755859375, 0, 0.02997343242168426513671875, 0.00000000002576339142024153261445462703704833984375, 0.99955070018768310546875, 0, -0.1798489391803741455078125, 0, 0.097446441650390625, 1, },
			{ 0.999406516551971435546875, -0.000000000323686466519035320743569172918796539306640625, -0.0344441831111907958984375, 0, 0.0000000003224995825945597971440292894840240478515625, 1, -0.000000000040014214164330041967332363128662109375, 0, 0.0344442091882228851318359375, 0.00000000002888267403022837243042886257171630859375, 0.999406516551971435546875, 0, -0.18944273889064788818359375, 0, 0.110478363931179046630859375, 1, },
			{ 0.999233245849609375, -0.0000000003680178106701958995472523383796215057373046875, -0.0391517616808414459228515625, 0, 0.0000000003664839265393737832710030488669872283935546875, 1, -0.0000000000463486991841843831707592471502721309661865234375, 0, 0.0391517840325832366943359375, 0.0000000000319655413250075071118772029876708984375, 0.999233245849609375, 0, -0.19819976389408111572265625, 0, 0.12408693134784698486328125, 1, },
			{ 0.999028027057647705078125, -0.0000000004144251330995274429369601421058177947998046875, -0.04407726228237152099609375, 0, 0.0000000004124809382943794844322837889194488525390625, 1, -0.0000000000532001109831981011666357517242431640625, 0, 0.04407729208469390869140625, 0.0000000000349675843835939303971827030181884765625, 0.999028027057647705078125, 0, -0.2060867249965667724609375, 0, 0.13821853697299957275390625, 1, },
			{ 0.998788774013519287109375, -0.00000000046272585763063034391961991786956787109375, -0.0492009818553924560546875, 0, 0.0000000004603033232353226367195020429790019989013671875, 1, -0.00000000006056755097461063996888697147369384765625, 0, 0.0492010079324245452880859375, 0.00000000003784794699868143652565777301788330078125, 0.998788774013519287109375, 0, -0.21307067573070526123046875, 0, 0.1528173983097076416015625, 1, },
			{ 0.99851357936859130859375, -0.000000000512729858570537544437684118747711181640625, -0.05450244247913360595703125, 0, 0.00000000050975668131059137522242963314056396484375, 1, -0.0000000000684519108062886516563594341278076171875, 0, 0.0545024760067462921142578125, 0.00000000004056754931980321998707950115203857421875, 0.99851357936859130859375, 0, -0.2191250622272491455078125, 0, 0.1678256690502166748046875, 1, },
			{ 0.99820077419281005859375, -0.000000000564240376643709851123276166617870330810546875, -0.0599604956805706024169921875, 0, 0.0000000005606413111536312499083578586578369140625, 1, -0.000000000076845189933560931194733711890876293182373046875, 0, 0.059960536658763885498046875, 0.00000000004309175238859097589738667011260986328125, 0.99820077419281005859375, 0, -0.22422637045383453369140625, 0, 0.18318443000316619873046875, 1, },
			{ 0.997848987579345703125, -0.0000000006170546296146994791342876851558685302734375, -0.0655533969402313232421875, 0, 0.000000000612752015793915916219702921807765960693359375, 1, -0.0000000000857394155673318891786038875579833984375, 0, 0.06555344164371490478515625, 0.0000000000453868019556491475441362126730382442474365234375, 0.997848987579345703125, 0, -0.2278726100921630859375, 0, 0.198790490627288818359375, 1, },
			{ 0.9974577426910400390625, -0.00000000067096428413293551784590817987918853759765625, -0.0712588727474212646484375, 0, 0.0000000006658791296132449133438058197498321533203125, 1, -0.0000000000951150269656864111311733722686767578125, 0, 0.07125891745090484619140625, 0.0000000000474233985414684866555035114288330078125, 0.9974577426910400390625, 0, -0.23149169981479644775390625, 0, 0.21470935642719268798828125, 1, },
			{ 0.99702680110931396484375, -0.000000000725757065556109637327608652412891387939453125, -0.0770542621612548828125, 0, 0.0000000007198099893912512925453484058380126953125, 1, -0.000000000104953372381810794422563049010932445526123046875, 0, 0.077054314315319061279296875, 0.00000000004917755092037623398937284946441650390625, 0.99702680110931396484375, 0, -0.2326293885707855224609375, 0, 0.23066318035125732421875, 1, },
			{ 0.99655640125274658203125, -0.000000000781217257550537169663584791123867034912109375, -0.082916580140590667724609375, 0, 0.000000000774329211861157773455488495528697967529296875, 1, -0.00000000011522871545821544714272022247314453125, 0, 0.08291663229465484619140625, 0.0000000000506279428102995865401680930517613887786865234375, 0.99655640125274658203125, 0, -0.23375029861927032470703125, 0, 0.2468068301677703857421875, 1, },
			{ 0.996047437191009521484375, -0.000000000837125757602308340210583992302417755126953125, -0.088822580873966217041015625, 0, 0.000000000829219415354742750423611141741275787353515625, 1, -0.00000000012591083731194885331206023693084716796875, 0, 0.088822640478610992431640625, 0.0000000000517612584738369463366325362585484981536865234375, 0.996047437191009521484375, 0, -0.2348599135875701904296875, 0, 0.263077318668365478515625, 1, },
			{ 0.995501220226287841796875, -0.000000000893262186441035055395332165062427520751953125, -0.094748906791210174560546875, 0, 0.00000000088426332922608708031475543975830078125, 1, -0.0000000001369624413882775115780532360076904296875, 0, 0.094748966395854949951171875, 0.0000000000525641752346928115002810955047607421875, 0.99550116062164306640625, 0, -0.231936633586883544921875, 0, 0.2790559828281402587890625, 1, },
			{ 0.9949195384979248046875, -0.00000000094940499906215336523018777370452880859375, -0.1006721556186676025390625, 0, 0.0000000009392426836285494573530741035938262939453125, 1, -0.0000000001483417833014755160547792911529541015625, 0, 0.100672207772731781005859375, 0.0000000000530322417924278255441095097921788692474365234375, 0.9949195384979248046875, 0, -0.22901366651058197021484375, 0, 0.295034468173980712890625, 1, },
			{ 0.994305193424224853515625, -0.0000000010053324839276456259540282189846038818359375, -0.1065689623355865478515625, 0, 0.0000000009939415956949915198492817580699920654296875, 1, -0.0000000001600017895952987601049244403839111328125, 0, 0.1065690219402313232421875, 0.0000000000531681365600888966582715511322021484375, 0.994305193424224853515625, 0, -0.2260961830615997314453125, 0, 0.310949802398681640625, 1, },
			{ 0.993661105632781982421875, -0.00000000106082442830057743776706047356128692626953125, -0.112416140735149383544921875, 0, 0.0000000010481449042032409124658443033695220947265625, 1, -0.00000000017189183409982433659024536609649658203125, 0, 0.112416207790374755859375, 0.00000000005297362548617456923238933086395263671875, 0.993661105632781982421875, 0, -0.22318969666957855224609375, 0, 0.32673799991607666015625, 1, },
			{ 0.99299085140228271484375, -0.0000000011156606749551656321273185312747955322265625, -0.11819063127040863037109375, 0, 0.0000000011016403345109893052722327411174774169921875, 1, -0.00000000018395417133998392955618328414857387542724609375, 0, 0.118190713226795196533203125, 0.00000000005246203471642729709856212139129638671875, 0.99299085140228271484375, 0, -0.2202999889850616455078125, 0.00000000476837147544983963598497211933135986328125, 0.3423364460468292236328125, 1, },
			{ 0.992298305034637451171875, -0.0000000011696255075577255411189980804920196533203125, -0.123869858682155609130859375, 0, 0.0000000011542200528680268689640797674655914306640625, 1, -0.00000000019613022317344075418077409267425537109375, 0, 0.12386994063854217529296875, 0.00000000005164668692714258213527500629425048828125, 0.992298305034637451171875, 0, -0.2139654457569122314453125, 0.00000000476837147544983963598497211933135986328125, 0.3573772609233856201171875, 1, },
			{ 0.9915883541107177734375, -0.00000000122250487510910943456110544502735137939453125, -0.12943150103092193603515625, 0, 0.00000000120567900108170533712836913764476776123046875, 1, -0.00000000020835332070756606981376535259187221527099609375, 0, 0.12943156063556671142578125, 0.00000000005054889840039322734810411930084228515625, 0.9915883541107177734375, 0, -0.207659304141998291015625, 0.00000000476837147544983963598497211933135986328125, 0.372105121612548828125, 1, },
			{ 0.99086534976959228515625, -0.0000000012740901667029902455396950244903564453125, -0.1348538100719451904296875, 0, 0.00000000125581822718601188171305693686008453369140625, 1, -0.000000000220556017893613898195326328277587890625, 0, 0.134853899478912353515625, 0.0000000000491908701272247839142437442205846309661865234375, 0.99086534976959228515625, 0, -0.19996337592601776123046875, 0.00000000476837147544983963598497211933135986328125, 0.3863346278667449951171875, 1, },
			{ 0.990135133266448974609375, -0.00000000132417710130283694525132887065410614013671875, -0.1401155889034271240234375, 0, 0.0000000013044443303300568004488013684749603271484375, 1, -0.00000000023266986948211609842473990283906459808349609375, 0, 0.140115678310394287109375, 0.0000000000476028071128009599988217814825475215911865234375, 0.990135133266448974609375, 0, -0.19138915836811065673828125, 0.00000000476837147544983963598497211933135986328125, 0.4000522196292877197265625, 1, },
			{ 0.989402711391448974609375, -0.00000000137256772614335886828484944999217987060546875, -0.14519633352756500244140625, 0, 0.0000000013513703489564932169741950929164886474609375, 1, -0.00000000024462121217538879136554896831512451171875, 0, 0.1451964080333709716796875, 0.00000000004581490742339155985973775386810302734375, 0.989402711391448974609375, 0, -0.18197143077850341796875, 0.00000000476837147544983963598497211933135986328125, 0.413203537464141845703125, 1, },
			{ 0.988674342632293701171875, -0.00000000141907052775280817513703368604183197021484375, -0.150076210498809814453125, 0, 0.000000001396415871823819543351419270038604736328125, 1, -0.0000000002563344814188184273007209412753582000732421875, 0, 0.1500762999057769775390625, 0.0000000000438626877874437326454426511190831661224365234375, 0.988674342632293701171875, 0, -0.17174620926380157470703125, 0.00000000476837147544983963598497211933135986328125, 0.42573726177215576171875, 1, },
			{ 0.987955749034881591796875, -0.00000000146350098706449216479086317121982574462890625, -0.154736220836639404296875, 0, 0.000000001439409036407823805348016321659088134765625, 1, -0.000000000267736055548084550537168979644775390625, 0, 0.1547363102436065673828125, 0.000000000041783465576372691430151462554931640625, 0.987955749034881591796875, 0, -0.16075469553470611572265625, 0.00000000476837147544983963598497211933135986328125, 0.4376027882099151611328125, 1, },
			{ 0.9872529506683349609375, -0.00000000150568357781821759999729692935943603515625, -0.159158289432525634765625, 0, 0.0000000014801859737900713298586197197437286376953125, 1, -0.0000000002787512443092055036686360836029052734375, 0, 0.1591583788394927978515625, 0.0000000000396136422275983335339333279989659786224365234375, 0.9872529506683349609375, 0, -0.14904022216796875, 0.00000000476837147544983963598497211933135986328125, 0.4487544596195220947265625, 1, },
			{ 0.98657214641571044921875, -0.0000000015454511004264759321813471615314483642578125, -0.1633252203464508056640625, 0, 0.0000000015185916968363244450301863253116607666015625, 1, -0.00000000028930369211366269155405461788177490234375, 0, 0.16332530975341796875, 0.00000000003739497600463437265716493129730224609375, 0.98657214641571044921875, 0, -0.136647641658782958984375, 0.00000000476837147544983963598497211933135986328125, 0.45914745330810546875, 1, },
			{ 0.985919415950775146484375, -0.00000000158264634730898023917688988149166107177734375, -0.16722090542316436767578125, 0, 0.0000000015544809883749621803872287273406982421875, 1, -0.00000000029932412104471950442530214786529541015625, 0, 0.167221009731292724609375, 0.000000000035168312706446158699691295623779296875, 0.985919415950775146484375, 0, -0.123627923429012298583984375, 0.00000000476837147544983963598497211933135986328125, 0.4687415063381195068359375, 1, },
			{ 0.985300362110137939453125, -0.0000000016171213257365479876170866191387176513671875, -0.1708302199840545654296875, 0, 0.000000001587717957107770416769199073314666748046875, 1, -0.0000000003087397004719605320133268833160400390625, 0, 0.17083032429218292236328125, 0.00000000003297184747452774900011718273162841796875, 0.985300362110137939453125, 0, -0.110031433403491973876953125, 0.00000000476837147544983963598497211933135986328125, 0.47749805450439453125, 1, },
			{ 0.984721004962921142578125, -0.00000000164874014441096505834138952195644378662109375, -0.1741392314434051513671875, 0, 0.0000000016181775919221763615496456623077392578125, 1, -0.0000000003174846774367523494220222346484661102294921875, 0, 0.17413930594921112060546875, 0.0000000000308455448683186972402836545370519161224365234375, 0.984721004962921142578125, 0, -0.095911554992198944091796875, 0.00000000476837147544983963598497211933135986328125, 0.4853829443454742431640625, 1, },
			{ 0.984186470508575439453125, -0.0000000016773764599520291085354983806610107421875, -0.1771350800991058349609375, 0, 0.0000000016457446516682239234796725213527679443359375, 1, -0.00000000032549518635960339452140033245086669921875, 0, 0.17713518440723419189453125, 0.00000000002882849341190318881444909493438899517059326171875, 0.984186470508575439453125, 0, -0.08132506906986236572265625, 0.00000000476837147544983963598497211933135986328125, 0.492364466190338134765625, 1, },
			{ 0.9837019443511962890625, -0.00000000170291780676734560984186828136444091796875, -0.1798063218593597412109375, 0, 0.00000000167031666276074020061059854924678802490234375, 1, -0.00000000033271074784124721190892159938812255859375, 0, 0.17980642616748809814453125, 0.0000000000269562150378988008014857769012451171875, 0.9837019443511962890625, 0, -0.066327206790447235107421875, 0.00000000476837147544983963598497211933135986328125, 0.4984156191349029541015625, 1, },
			{ 0.983272016048431396484375, -0.000000001725262155360951510374434292316436767578125, -0.1821425855159759521484375, 0, 0.00000000169180136566637884243391454219818115234375, 1, -0.00000000033908076346733651007525622844696044921875, 0, 0.182142674922943115234375, 0.00000000002525979425627156160771846771240234375, 0.983272016048431396484375, 0, -0.0509805269539356231689453125, 0.00000000476837147544983963598497211933135986328125, 0.50351250171661376953125, 1, },
			{ 0.982900917530059814453125, -0.000000001744320687890876797609962522983551025390625, -0.184134781360626220703125, 0, 0.00000000171011727001513236245955340564250946044921875, 1, -0.0000000003445536911339530661280150525271892547607421875, 0, 0.184134900569915771484375, 0.00000000002377120549013067574151136795990169048309326171875, 0.982900917530059814453125, 0, -0.0353433229029178619384765625, 0.00000000476837147544983963598497211933135986328125, 0.507635176181793212890625, 1, },
			{ 0.982592165470123291015625, -0.000000001760018353280656810966320335865020751953125, -0.185775339603424072265625, 0, 0.00000000172519720731401093871681950986385345458984375, 1, -0.0000000003490914224357766215689480304718017578125, 0, 0.185775458812713623046875, 0.0000000000225153229393981746397912502288818359375, 0.982592165470123291015625, 0, -0.019478149712085723876953125, 0.00000000476837147544983963598497211933135986328125, 0.510766685009002685546875, 1, },
			{ 0.98234879970550537109375, -0.00000000177229286801861007916158996522426605224609375, -0.187057971954345703125, 0, 0.000000001736985222322573463316075503826141357421875, 1, -0.0000000003526565428568773086226428858935832977294921875, 0, 0.18705807626247406005859375, 0.00000000002151612221723553375340998172760009765625, 0.98234879970550537109375, 0, -0.00344635010696947574615478515625, 0.00000000476837147544983963598497211933135986328125, 0.512895286083221435546875, 1, },
			{ 0.98217332363128662109375, -0.00000000178109527126935063279233872890472412109375, -0.1879776418209075927734375, 0, 0.0000000017454364620306250799330882728099822998046875, 1, -0.0000000003552234062453862861730158329010009765625, 0, 0.18797774612903594970703125, 0.0000000000207887040915011311881244182586669921875, 0.98217332363128662109375, 0, 0.01268554665148258209228515625, 0.00000000476837147544983963598497211933135986328125, 0.514012277126312255859375, 1, },
			{ 0.982067167758941650390625, -0.00000000178639025794069539188058115541934967041015625, -0.18853084743022918701171875, 0, 0.00000000175051917405966150909080170094966888427734375, 1, -0.00000000035677150123092360445298254489898681640625, 0, 0.1885309517383575439453125, 0.00000000002034727941691016894765198230743408203125, 0.982067167758941650390625, 0, 0.02881439216434955596923828125, 0.00000000476837147544983963598497211933135986328125, 0.513607800006866455078125, 1, },
			{ 0.982067167758941650390625, -0.00000000178639047998530031691188924014568328857421875, -0.18853084743022918701171875, 0, 0.00000000175051917405966150909080170094966888427734375, 1, -0.00000000035677150123092360445298254489898681640625, 0, 0.1885309517383575439453125, 0.00000000002034727941691016894765198230743408203125, 0.982067167758941650390625, 0, 0.04500579833984375, 0.00000000476837147544983963598497211933135986328125, 0.513197839260101318359375, 1, },
			{ 0.982067167758941650390625, -0.00000000178639047998530031691188924014568328857421875, -0.18853084743022918701171875, 0, 0.00000000175051917405966150909080170094966888427734375, 1, -0.00000000035677150123092360445298254489898681640625, 0, 0.188530981540679931640625, 0.00000000002034727941691016894765198230743408203125, 0.982067167758941650390625, 0, 0.061019591987133026123046875, 0.00000000476837147544983963598497211933135986328125, 0.5107643604278564453125, 1, },
			{ 0.98217332363128662109375, -0.00000000178109527126935063279233872890472412109375, -0.1879776418209075927734375, 0, 0.000000001745436239986020154901780188083648681640625, 1, -0.0000000003552234062453862861730158329010009765625, 0, 0.18797774612903594970703125, 0.0000000000207887040915011311881244182586669921875, 0.98217332363128662109375, 0, 0.0769692957401275634765625, 0.00000000476837147544983963598497211933135986328125, 0.508336603641510009765625, 1, },
			{ 0.98234879970550537109375, -0.0000000017722927569963076166459359228610992431640625, -0.18705795705318450927734375, 0, 0.000000001736985222322573463316075503826141357421875, 1, -0.0000000003526565428568773086226428858935832977294921875, 0, 0.1870580613613128662109375, 0.00000000002151612221723553375340998172760009765625, 0.98234879970550537109375, 0, 0.092660523951053619384765625, 0.00000000476837147544983963598497211933135986328125, 0.50440990924835205078125, 1, },
			{ 0.982592165470123291015625, -0.000000001760018353280656810966320335865020751953125, -0.185775339603424072265625, 0, 0.00000000172519720731401093871681950986385345458984375, 1, -0.0000000003490914224357766215689480304718017578125, 0, 0.185775458812713623046875, 0.0000000000225153229393981746397912502288818359375, 0.982592165470123291015625, 0, 0.108075253665447235107421875, 0.00000000476837147544983963598497211933135986328125, 0.49950504302978515625, 1, },
			{ 0.982900917530059814453125, -0.00000000174432035482396941006300039589405059814453125, -0.18413473665714263916015625, 0, 0.000000001710116936948224974912591278553009033203125, 1, -0.0000000003445536911339530661280150525271892547607421875, 0, 0.1841348707675933837890625, 0.00000000002377120549013067574151136795990169048309326171875, 0.982900917530059814453125, 0, 0.12315063178539276123046875, 0.00000000476837147544983963598497211933135986328125, 0.493641912937164306640625, 1, },
			{ 0.983272016048431396484375, -0.000000001725262155360951510374434292316436767578125, -0.1821425855159759521484375, 0, 0.00000000169180136566637884243391454219818115234375, 1, -0.00000000033908076346733651007525622844696044921875, 0, 0.182142674922943115234375, 0.00000000002525979425627156160771846771240234375, 0.983272016048431396484375, 0, 0.13782958686351776123046875, 0.00000000476837147544983963598497211933135986328125, 0.48684275150299072265625, 1, },
			{ 0.9837019443511962890625, -0.00000000170291747370043822229490615427494049072265625, -0.179806292057037353515625, 0, 0.00000000167031644071613527557929046452045440673828125, 1, -0.00000000033271074784124721190892159938812255859375, 0, 0.179806411266326904296875, 0.0000000000269562150378988008014857769012451171875, 0.9837019443511962890625, 0, 0.15205229818820953369140625, 0.00000000476837147544983963598497211933135986328125, 0.4791352450847625732421875, 1, },
			{ 0.984186470508575439453125, -0.0000000016773764599520291085354983806610107421875, -0.1771350800991058349609375, 0, 0.0000000016457446516682239234796725213527679443359375, 1, -0.00000000032549518635960339452140033245086669921875, 0, 0.17713518440723419189453125, 0.00000000002882849341190318881444909493438899517059326171875, 0.984186470508575439453125, 0, 0.16576568782329559326171875, 0.00000000476837147544983963598497211933135986328125, 0.470549046993255615234375, 1, },
			{ 0.984721004962921142578125, -0.00000000164874014441096505834138952195644378662109375, -0.174139201641082763671875, 0, 0.00000000161817725885526897400268353521823883056640625, 1, -0.0000000003174846774367523494220222346484661102294921875, 0, 0.17413930594921112060546875, 0.0000000000308455448683186972402836545370519161224365234375, 0.984721004962921142578125, 0, 0.17891295254230499267578125, 0.00000000476837147544983963598497211933135986328125, 0.4611186981201171875, 1, },
			{ 0.985300362110137939453125, -0.00000000161712099266964060007012449204921722412109375, -0.17083017528057098388671875, 0, 0.00000000158771751301856056670658290386199951171875, 1, -0.00000000030873881229354083188809454441070556640625, 0, 0.1708302795886993408203125, 0.00000000003297184747452774900011718273162841796875, 0.985300362110137939453125, 0, 0.19144164025783538818359375, 0.00000000476837147544983963598497211933135986328125, 0.4508811533451080322265625, 1, },
			{ 0.985919415950775146484375, -0.00000000158264612526437531414558179676532745361328125, -0.167220890522003173828125, 0, 0.0000000015544809883749621803872287273406982421875, 1, -0.00000000029932412104471950442530214786529541015625, 0, 0.16722096502780914306640625, 0.000000000035168312706446158699691295623779296875, 0.985919415950775146484375, 0, 0.20330412685871124267578125, 0.00000000476837147544983963598497211933135986328125, 0.4398771226406097412109375, 1, },
			{ 0.98657214641571044921875, -0.00000000154545087838187100715003907680511474609375, -0.16332519054412841796875, 0, 0.0000000015185914747917195199988782405853271484375, 1, -0.00000000028930369211366269155405461788177490234375, 0, 0.16332529485225677490234375, 0.00000000003739497600463437265716493129730224609375, 0.98657214641571044921875, 0, 0.21445311605930328369140625, 0.00000000476837147544983963598497211933135986328125, 0.428149282932281494140625, 1, },
			{ 0.9872529506683349609375, -0.0000000015056829116844028249033726751804351806640625, -0.159158229827880859375, 0, 0.00000000148018519663395409224904142320156097412109375, 1, -0.0000000002787512443092055036686360836029052734375, 0, 0.1591583192348480224609375, 0.0000000000396136422275983335339333279989659786224365234375, 0.9872529506683349609375, 0, 0.22484527528285980224609375, 0.00000000476837147544983963598497211933135986328125, 0.4157445430755615234375, 1, },
			{ 0.987955749034881591796875, -0.00000000146350054297528231472824700176715850830078125, -0.15473616123199462890625, 0, 0.0000000014394085923186139552854001522064208984375, 1, -0.000000000267736055548084550537168979644775390625, 0, 0.1547362804412841796875, 0.00000000004178257739795299130491912364959716796875, 0.987955749034881591796875, 0, 0.23443968594074249267578125, 0.00000000476837147544983963598497211933135986328125, 0.4027116000652313232421875, 1, },
			{ 0.988674342632293701171875, -0.0000000014190704167305057126213796436786651611328125, -0.150076210498809814453125, 0, 0.000000001396415871823819543351419270038604736328125, 1, -0.0000000002563344814188184273007209412753582000732421875, 0, 0.1500762999057769775390625, 0.0000000000438626877874437326454426511190831661224365234375, 0.988674342632293701171875, 0, 0.2431958019733428955078125, 0.00000000476837147544983963598497211933135986328125, 0.3891023695468902587890625, 1, },
			{ 0.989402711391448974609375, -0.000000001372567393076451480737887322902679443359375, -0.14519630372524261474609375, 0, 0.00000000135137001588958582942723296582698822021484375, 1, -0.0000000002446203239969690912403166294097900390625, 0, 0.145196378231048583984375, 0.00000000004581490742339155985973775386810302734375, 0.989402711391448974609375, 0, 0.2510812282562255859375, 0.00000000476837147544983963598497211933135986328125, 0.3749698102474212646484375, 1, },
			{ 0.990135133266448974609375, -0.00000000132417710130283694525132887065410614013671875, -0.1401155889034271240234375, 0, 0.00000000130444444135235926296445541083812713623046875, 1, -0.00000000023266986948211609842473990283906459808349609375, 0, 0.140115678310394287109375, 0.0000000000476028071128009599988217814825475215911865234375, 0.990135133266448974609375, 0, 0.2580651938915252685546875, 0.00000000476837147544983963598497211933135986328125, 0.3603703677654266357421875, 1, },
			{ 0.99086534976959228515625, -0.00000000127408961159147793296142481267452239990234375, -0.1348537504673004150390625, 0, 0.0000000012558178941191044941660948097705841064453125, 1, -0.000000000220556017893613898195326328277587890625, 0, 0.134853839874267578125, 0.0000000000491908701272247839142437442205846309661865234375, 0.99086534976959228515625, 0, 0.2641189396381378173828125, 0.00000000476837147544983963598497211933135986328125, 0.345361292362213134765625, 1, },
			{ 0.9915883541107177734375, -0.0000000012225047640868069720454514026641845703125, -0.1294314861297607421875, 0, 0.000000001205678668014797949581407010555267333984375, 1, -0.00000000020835332070756606981376535259187221527099609375, 0, 0.12943156063556671142578125, 0.00000000005054889840039322734810411930084228515625, 0.9915883541107177734375, 0, 0.268748760223388671875, 0.00000000476837147544983963598497211933135986328125, 0.3300435841083526611328125, 1, },
			{ 0.992298305034637451171875, -0.000000001169624841423910766025073826313018798828125, -0.123869799077510833740234375, 0, 0.000000001154219386734212093870155513286590576171875, 1, -0.00000000019613022317344075418077409267425537109375, 0, 0.12386988103389739990234375, 0.00000000005164668692714258213527500629425048828125, 0.992298305034637451171875, 0, 0.273345947265625, 0.00000000476837147544983963598497211933135986328125, 0.3143528997898101806640625, 1, },
			{ 0.99299085140228271484375, -0.0000000011156606749551656321273185312747955322265625, -0.11819063127040863037109375, 0, 0.0000000011016403345109893052722327411174774169921875, 1, -0.00000000018395417133998392955618328414857387542724609375, 0, 0.118190713226795196533203125, 0.00000000005246203471642729709856212139129638671875, 0.99299085140228271484375, 0, 0.275993645191192626953125, 0.00000000476837147544983963598497211933135986328125, 0.2985194623470306396484375, 1, },
			{ 0.993661224842071533203125, -0.00000000106082420625597251273575238883495330810546875, -0.1124161183834075927734375, 0, 0.0000000010481446821586359874345362186431884765625, 1, -0.00000000017189183409982433659024536609649658203125, 0, 0.112416185438632965087890625, 0.00000000005297362548617456923238933086395263671875, 0.993661105632781982421875, 0, 0.27861845493316650390625, 0.00000000476837147544983963598497211933135986328125, 0.2824337184429168701171875, 1, },
			{ 0.994305193424224853515625, -0.0000000010053324839276456259540282189846038818359375, -0.10656894743442535400390625, 0, 0.000000000993941373650386594817973673343658447265625, 1, -0.0000000001600017895952987601049244403839111328125, 0, 0.10656900703907012939453125, 0.0000000000531681365600888966582715511322021484375, 0.994305193424224853515625, 0, 0.2762213051319122314453125, 0, 0.2666005790233612060546875, 1, },
			{ 0.9949195384979248046875, -0.0000000009494047770175484401988796889781951904296875, -0.10067212581634521484375, 0, 0.00000000093924246158394453232176601886749267578125, 1, -0.0000000001483417833014755160547792911529541015625, 0, 0.100672185420989990234375, 0.0000000000530322417924278255441095097921788692474365234375, 0.9949195384979248046875, 0, 0.2738128602504730224609375, 0, 0.2506406009197235107421875, 1, },
			{ 0.995501220226287841796875, -0.000000000893261853374127667848370037972927093505859375, -0.0947488844394683837890625, 0, 0.000000000884262885136877230252139270305633544921875, 1, -0.0000000001369624413882775115780532360076904296875, 0, 0.0947489440441131591796875, 0.00000000005256328705627311137504875659942626953125, 0.99550116062164306640625, 0, 0.271398603916168212890625, 0, 0.23461689054965972900390625, 1, },
			{ 0.996047437191009521484375, -0.00000000083712559106885464643710292875766754150390625, -0.08882255852222442626953125, 0, 0.00000000082921924882128905665013007819652557373046875, 1, -0.00000000012591083731194885331206023693084716796875, 0, 0.088822625577449798583984375, 0.0000000000517612584738369463366325362585484981536865234375, 0.996047437191009521484375, 0, 0.26898467540740966796875, 0, 0.21859347820281982421875, 1, },
			{ 0.99655640125274658203125, -0.000000000781216868972478550858795642852783203125, -0.08291654288768768310546875, 0, 0.000000000774328767771947923392872326076030731201171875, 1, -0.00000000011522871545821544714272022247314453125, 0, 0.0829165875911712646484375, 0.0000000000506279428102995865401680930517613887786865234375, 0.99655640125274658203125, 0, 0.26657593250274658203125, 0, 0.20263339579105377197265625, 1, },
			{ 0.99702680110931396484375, -0.000000000725756732489202249780646525323390960693359375, -0.077054210007190704345703125, 0, 0.000000000719809545302041442482732236385345458984375, 1, -0.000000000104953372381810794422563049010932445526123046875, 0, 0.0770542621612548828125, 0.00000000004917755092037623398937284946441650390625, 0.99702680110931396484375, 0, 0.264178454875946044921875, 0, 0.1868005096912384033203125, 1, },
			{ 0.9974577426910400390625, -0.00000000067096406208833059281460009515285491943359375, -0.071258842945098876953125, 0, 0.00000000066587890756863998831249773502349853515625, 1, -0.0000000000951150269656864111311733722686767578125, 0, 0.071258895099163055419921875, 0.0000000000474233985414684866555035114288330078125, 0.9974577426910400390625, 0, 0.26179778575897216796875, 0, 0.171157300472259521484375, 1, },
