function data()
return {
	times = { 0, 41.667, 83.333, 125, 166.667, 208.333, 250, 291.667, 333.333, 375, 416.667, 458.333, 500, 541.667, 583.333, 625, 666.667, 708.333, 750, 791.667, 833.333, 875, 916.667, 958.333, 1000, 1041.667, 1083.333, 1125, 1166.667, 1208.333, 1250, 1291.667, 1333.333, 1375, 1416.667, 1458.333, 1500, 1541.667, 1583.333, 1625, 1666.667, 1708.333, 1750, 1791.667, 1833.333, 1875, 1916.667, 1958.333, 2000, 2041.667, 2083.333, 2125, 2166.667, 2208.333, 2250, 2291.667, 2333.333, 2375, 2416.667, 2458.333, 2500, 2541.667, 2583.333, 2625, 2666.667, 2708.333, 2750, 2791.667, 2833.333, 2875, 2916.667, 2958.333, 3000, 3041.667, 3083.333, 3125, 3166.667, 3208.333, 3250, 3291.667, 3333.333, 3375, 3416.667, 3458.333, 3500, 3541.667, 3583.333, 3625, 3666.667, 3708.333, 3750, 3791.667, 3833.333, 3875, 3916.667, 3958.333, 4000, 4041.667, 4083.333, 4125, 4166.667, },
	transfs = {
		{ 1, 0, 7.4505805969238e-09, 0, 0, 1, 0, 0, -7.4505805969238e-09, 0, 1, 0, 0, -4.7683714754498e-09, -9.5367429508997e-09, 1, },
		{ 1, 0, -0.00020813940500375, 0, 0, 1, 0, 0, 0.00020813940500375, 0, 1, 0, -0.0049645993858576, -4.7683714754498e-09, 0.00099995615892112, 1, },
		{ 0.99999958276749, 0, -0.00083523982902989, 0, 0, 1, 0, 0, 0.00083523982902989, 0, 0.99999958276749, 0, -0.01798309199512, -4.7683714754498e-09, 0.0038072871975601, 1, },
		{ 0.99999821186066, 0, -0.0018852204084396, 0, 0, 1, 0, 0, 0.0018852204084396, 0, 0.99999821186066, 0, -0.036242980509996, -4.7683714754498e-09, 0.0081328870728612, 1, },
		{ 0.9999942779541, 0, -0.0033620370086282, 0, 0, 1, 0, 0, 0.0033620370086282, 0, 0.9999942779541, 0, -0.056932676583529, -4.7683714754498e-09, 0.013687829487026, 1, },
		{ 0.99998611211777, 0, -0.0052696540951729, 0, 0, 1, 0, 0, 0.0052696540951729, 0, 0.99998611211777, 0, -0.077238768339157, -4.7683714754498e-09, 0.020183132961392, 1, },
		{ 0.99997109174728, 0, -0.0076018050312996, 0, 0, 1, 0, 0, 0.0076018050312996, 0, 0.99997109174728, 0, -0.09492339938879, -4.7683714754498e-09, 0.027384785935283, 1, },
		{ 0.99994677305222, 0, -0.010311484336853, 0, 0, 1, 0, 0, 0.010311484336853, 0, 0.99994677305222, 0, -0.11004088819027, -4.7683714754498e-09, 0.035278577357531, 1, },
		{ 0.99991095066071, 0, -0.013341516256332, 0, 0, 1, 0, 0, 0.013341516256332, 0, 0.99991095066071, 0, -0.12321899086237, -4.7683714754498e-09, 0.043905325233936, 1, },
		{ 0.99986165761948, 0, -0.016634687781334, 0, 0, 1, 0, 0, 0.016634687781334, 0, 0.99986165761948, 0, -0.13508696854115, -4.7683714754498e-09, 0.053305804729462, 1, },
		{ 0.99979734420776, 0, -0.020133800804615, 0, 0, 1, 0, 0, 0.020133800804615, 0, 0.99979734420776, 0, -0.14627349376678, -4.7683714754498e-09, 0.063520878553391, 1, },
		{ 0.99971675872803, 0, -0.023796916007996, 0, 0, 1, 0, 0, 0.023796916007996, 0, 0.99971675872803, 0, -0.1572729498148, -4.7683714754498e-09, 0.07456860691309, 1, },
		{ 0.99961787462234, 0, -0.027643494307995, 0, 0, 1, 0, 0, 0.027643494307995, 0, 0.99961787462234, 0, -0.16804656386375, -4.7683714754498e-09, 0.086376294493675, 1, },
		{ 0.99949717521667, 0, -0.031708221882582, 0, 0, 1, 0, 0, 0.031708221882582, 0, 0.99949717521667, 0, -0.17842192947865, -4.7683714754498e-09, 0.098848633468151, 1, },
		{ 0.99935084581375, 0, -0.036025736480951, 0, 0, 1, 0, 0, 0.036025736480951, 0, 0.99935084581375, 0, -0.18822601437569, -4.7683714754498e-09, 0.11189018934965, 1, },
		{ 0.99917417764664, 0, -0.040630638599396, 0, 0, 1, 0, 0, 0.040630638599396, 0, 0.99917417764664, 0, -0.1972875893116, -4.7683714754498e-09, 0.12540565431118, 1, },
		{ 0.99896240234375, 0, -0.045542858541012, 0, 0, 1, 0, 0, 0.045542858541012, 0, 0.99896240234375, 0, -0.20545805990696, -4.7683714754498e-09, 0.13932061195374, 1, },
		{ 0.99871271848679, 0, -0.050723593682051, 0, 0, 1, 0, 0, 0.050723593682051, 0, 0.99871271848679, 0, -0.21268492937088, -4.7683714754498e-09, 0.15364417433739, 1, },
		{ 0.99842399358749, 0, -0.056119449436665, 0, 0, 1, 0, 0, 0.056119449436665, 0, 0.99842399358749, 0, -0.21894317865372, -4.7683714754498e-09, 0.16840675473213, 1, },
		{ 0.99809616804123, 0, -0.061677005141973, 0, 0, 1, 0, 0, 0.061677005141973, 0, 0.99809616804123, 0, -0.22420287132263, -4.7683714754498e-09, 0.18363822996616, 1, },
		{ 0.99772989749908, 0, -0.067342892289162, 0, 0, 1, 0, 0, 0.067342892289162, 0, 0.99772989749908, 0, -0.22794097661972, -4.7683714754498e-09, 0.19932509958744, 1, },
		{ 0.99732679128647, 0, -0.073070362210274, 0, 0, 1, 0, 0, 0.073070362210274, 0, 0.99732679128647, 0, -0.23162841796875, -4.7683714754498e-09, 0.21559412777424, 1, },
		{ 0.99688738584518, 0, -0.078838914632797, 0, 0, 1, 0, 0, 0.078838914632797, 0, 0.99688738584518, 0, -0.23326751589775, -4.7683714754498e-09, 0.23212394118309, 1, },
		{ 0.9964120388031, 0, -0.084634698927402, 0, 0, 1, 0, 0, 0.084634698927402, 0, 0.9964120388031, 0, -0.23488372564316, -4.7683714754498e-09, 0.24891242384911, 1, },
		{ 0.9959015250206, 0, -0.090443827211857, 0, 0, 1, 0, 0, 0.090443827211857, 0, 0.9959015250206, 0, -0.23238982260227, -4.7683714754498e-09, 0.26541832089424, 1, },
		{ 0.99535685777664, 0, -0.096252456307411, 0, 0, 1, 0, 0, 0.096252456307411, 0, 0.99535685777664, 0, -0.22990447282791, -4.7683714754498e-09, 0.28182432055473, 1, },
		{ 0.99477928876877, 0, -0.10204971581697, 0, 0, 1, 0, 0, 0.10204971581697, 0, 0.99477928876877, 0, -0.22744110226631, -4.7683714754498e-09, 0.29798689484596, 1, },
		{ 0.9941685795784, 0, -0.10783645510674, 0, 0, 1, 0, 0, 0.10783645510674, 0, 0.9941685795784, 0, -0.22499877214432, -4.7683714754498e-09, 0.31390586495399, 1, },
		{ 0.99352467060089, 0, -0.11361646652222, 0, 0, 1, 0, 0, 0.11361646652222, 0, 0.99352467060089, 0, -0.22257506847382, -4.7683714754498e-09, 0.32961648702621, 1, },
		{ 0.99284702539444, 0, -0.11939352750778, 0, 0, 1, 0, 0, 0.11939352750778, 0, 0.99284702539444, 0, -0.22016631066799, -4.7683714754498e-09, 0.34515419602394, 1, },
		{ 0.99213516712189, 0, -0.12517142295837, 0, 0, 1, 0, 0, 0.12517142295837, 0, 0.99213516712189, 0, -0.21369934082031, -4.7683714754498e-09, 0.36019507050514, 1, },
		{ 0.99139016866684, 0, -0.1309413164854, 0, 0, 1, 0, 0, 0.1309413164854, 0, 0.99139016866684, 0, -0.20724365115166, -4.7683714754498e-09, 0.37510293722153, 1, },
		{ 0.99062013626099, 0, -0.13664421439171, 0, 0, 1, 0, 0, 0.13664421439171, 0, 0.99062013626099, 0, -0.19934630393982, -4.7683714754498e-09, 0.38962942361832, 1, },
		{ 0.98983663320541, 0, -0.14220869541168, 0, 0, 1, 0, 0, 0.14220869541168, 0, 0.98983663320541, 0, -0.19055359065533, -4.7683714754498e-09, 0.40367209911346, 1, },
		{ 0.98905247449875, 0, -0.14756359159946, 0, 0, 1, 0, 0, 0.14756359159946, 0, 0.98905247449875, 0, -0.18091461062431, -4.7683714754498e-09, 0.41708362102509, 1, },
		{ 0.98828208446503, 0, -0.15263801813126, 0, 0, 1, 0, 0, 0.15263801813126, 0, 0.98828208446503, 0, -0.17047637701035, -4.7683714754498e-09, 0.42971751093864, 1, },
		{ 0.98753887414932, 0, -0.15737521648407, 0, 0, 1, 0, 0, 0.15737521648407, 0, 0.98753887414932, 0, -0.15928955376148, -4.7683714754498e-09, 0.44145736098289, 1, },
		{ 0.98682790994644, 0, -0.1617739200592, 0, 0, 1, 0, 0, 0.1617739200592, 0, 0.98682790994644, 0, -0.14740538597107, -4.7683714754498e-09, 0.45230802893639, 1, },
		{ 0.98615151643753, 0, -0.16584670543671, 0, 0, 1, 0, 0, 0.16584670543671, 0, 0.98615151643753, 0, -0.13487701117992, -4.7683714754498e-09, 0.46230474114418, 1, },
		{ 0.9855118393898, 0, -0.16960626840591, 0, 0, 1, 0, 0, 0.16960626840591, 0, 0.9855118393898, 0, -0.12175659090281, -4.7683714754498e-09, 0.47148299217224, 1, },
		{ 0.98491042852402, 0, -0.17306503653526, 0, 0, 1, 0, 0, 0.17306503653526, 0, 0.98491042852402, 0, -0.10809783637524, -4.7683714754498e-09, 0.47987815737724, 1, },
		{ 0.98434835672379, 0, -0.17623382806778, 0, 0, 1, 0, 0, 0.17623382806778, 0, 0.98434835672379, 0, -0.09395232796669, -4.7683714754498e-09, 0.48751327395439, 1, },
		{ 0.98382782936096, 0, -0.17911650240421, 0, 0, 1, 0, 0, 0.17911650240421, 0, 0.98382782936096, 0, -0.079371944069862, -4.7683714754498e-09, 0.49436292052269, 1, },
		{ 0.98335117101669, 0, -0.18171514570713, 0, 0, 1, 0, 0, 0.18171514570713, 0, 0.98335117101669, 0, -0.064407959580421, -4.7683714754498e-09, 0.50038987398148, 1, },
		{ 0.98292028903961, 0, -0.18403190374374, 0, 0, 1, 0, 0, 0.18403190374374, 0, 0.98292028903961, 0, -0.049112241715193, -4.7683714754498e-09, 0.50555622577667, 1, },
		{ 0.98253673315048, 0, -0.18606874346733, 0, 0, 1, 0, 0, 0.18606874346733, 0, 0.98253673315048, 0, -0.033534850925207, -4.7683714754498e-09, 0.50982451438904, 1, },
		{ 0.98220336437225, 0, -0.18782070279121, 0, 0, 1, 0, 0, 0.18782070279121, 0, 0.98220336437225, 0, -0.01772796548903, -4.7683714754498e-09, 0.51315605640411, 1, },
		{ 0.98192811012268, 0, -0.18925413489342, 0, 0, 1, 0, 0, 0.18925413489342, 0, 0.98192811012268, 0, -0.0017404174432158, -4.7683714754498e-09, 0.51550710201263, 1, },
		{ 0.98172044754028, 0, -0.19032844901085, 0, 0, 1, 0, 0, 0.19032844901085, 0, 0.98172044754028, 0, 0.014377135783434, -4.7683714754498e-09, 0.51683264970779, 1, },
		{ 0.98158943653107, 0, -0.1910029053688, 0, 0, 1, 0, 0, 0.1910029053688, 0, 0.98158943653107, 0, 0.030527343973517, -4.7683714754498e-09, 0.51653569936752, 1, },
		{ 0.9815439581871, 0, -0.19123682379723, 0, 0, 1, 0, 0, 0.19123682379723, 0, 0.9815439581871, 0, 0.04680572450161, -4.7683714754498e-09, 0.51622754335403, 1, },
		{ 0.98158490657806, 0, -0.19102594256401, 0, 0, 1, 0, 0, 0.19102594256401, 0, 0.98158490657806, 0, 0.062975764274597, -4.7683714754498e-09, 0.51385015249252, 1, },
		{ 0.98170405626297, 0, -0.19041313230991, 0, 0, 1, 0, 0, 0.19041313230991, 0, 0.98170405626297, 0, 0.079128414392471, -4.7683714754498e-09, 0.51147431135178, 1, },
		{ 0.98189461231232, 0, -0.18942798674107, 0, 0, 1, 0, 0, 0.18942798674107, 0, 0.98189461231232, 0, 0.095032043755054, -4.7683714754498e-09, 0.50766110420227, 1, },
		{ 0.98214989900589, 0, -0.18809998035431, 0, 0, 1, 0, 0, 0.18809998035431, 0, 0.98214989900589, 0, 0.11062622070312, -4.7683714754498e-09, 0.50287175178528, 1, },
		{ 0.98246288299561, 0, -0.18645855784416, 0, 0, 1, 0, 0, 0.18645855784416, 0, 0.98246288299561, 0, 0.12580566108227, -4.7683714754498e-09, 0.4970922768116, 1, },
		{ 0.98282825946808, 0, -0.18452274799347, 0, 0, 1, 0, 0, 0.18452274799347, 0, 0.98282825946808, 0, 0.14048339426517, -4.7683714754498e-09, 0.49031782150269, 1, },
		{ 0.98324865102768, 0, -0.18226964771748, 0, 0, 1, 0, 0, 0.18226964771748, 0, 0.98324865102768, 0, 0.15463714301586, -4.7683714754498e-09, 0.48257982730865, 1, },
		{ 0.98372763395309, 0, -0.17966593801975, 0, 0, 1, 0, 0, 0.17966593801975, 0, 0.98372763395309, 0, 0.16826049983501, -4.7683714754498e-09, 0.47391891479492, 1, },
		{ 0.98426872491837, 0, -0.17667807638645, 0, 0, 1, 0, 0, 0.17667807638645, 0, 0.98426872491837, 0, 0.18134734034538, -4.7683714754498e-09, 0.46437528729439, 1, },
		{ 0.98487401008606, 0, -0.17327240109444, 0, 0, 1, 0, 0, 0.17327240109444, 0, 0.98487401008606, 0, 0.19389067590237, -4.7683714754498e-09, 0.45398971438408, 1, },
		{ 0.98554164171219, 0, -0.16943335533142, 0, 0, 1, 0, 0, 0.16943335533142, 0, 0.98554164171219, 0, 0.20587341487408, -4.7683714754498e-09, 0.44280350208282, 1, },
		{ 0.98625701665878, 0, -0.16521821916103, 0, 0, 1, 0, 0, 0.16521821916103, 0, 0.98625701665878, 0, 0.21722991764545, -4.7683714754498e-09, 0.43086177110672, 1, },
		{ 0.9870029091835, 0, -0.16070266067982, 0, 0, 1, 0, 0, 0.16070266067982, 0, 0.9870029091835, 0, 0.22788390517235, -4.7683714754498e-09, 0.41821038722992, 1, },
		{ 0.98776292800903, 0, -0.15596260130405, 0, 0, 1, 0, 0, 0.15596260130405, 0, 0.98776292800903, 0, 0.23775847256184, -4.7683714754498e-09, 0.40489530563354, 1, },
		{ 0.98852235078812, 0, -0.15107414126396, 0, 0, 1, 0, 0, 0.15107414126396, 0, 0.98852235078812, 0, 0.2467782497406, -4.7683714754498e-09, 0.39096239209175, 1, },
		{ 0.98927021026611, 0, -0.14609754085541, 0, 0, 1, 0, 0, 0.14609754085541, 0, 0.98927021026611, 0, 0.25487151741982, -4.7683714754498e-09, 0.37646809220314, 1, },
		{ 0.99000549316406, 0, -0.14102879166603, 0, 0, 1, 0, 0, 0.14102879166603, 0, 0.99000549316406, 0, 0.26199644804001, -4.7683714754498e-09, 0.36151027679443, 1, },
		{ 0.99072968959808, 0, -0.13584779202938, 0, 0, 1, 0, 0, 0.13584779202938, 0, 0.99072968959808, 0, 0.26811674237251, -4.7683714754498e-09, 0.34619733691216, 1, },
		{ 0.99144381284714, 0, -0.13053435087204, 0, 0, 1, 0, 0, 0.13053435087204, 0, 0.99144381284714, 0, 0.27266785502434, -4.7683714754498e-09, 0.33068403601646, 1, },
		{ 0.99214816093445, 0, -0.12506830692291, 0, 0, 1, 0, 0, 0.12506830692291, 0, 0.99214816093445, 0, 0.27719849348068, -4.7683714754498e-09, 0.31493896245956, 1, },
		{ 0.99284172058105, 0, -0.11943800002337, 0, 0, 1, 0, 0, 0.11943800002337, 0, 0.99284172058105, 0, 0.2795797586441, -4.7683714754498e-09, 0.29923522472382, 1, },
		{ 0.99351900815964, 0, -0.1136664301157, 0, 0, 1, 0, 0, 0.1136664301157, 0, 0.99351900815964, 0, 0.28194883465767, -4.7683714754498e-09, 0.28339019417763, 1, },
		{ 0.99417418241501, 0, -0.10778523236513, 0, 0, 1, 0, 0, 0.10778523236513, 0, 0.99417418241501, 0, 0.27959501743317, -4.7683714754498e-09, 0.26780569553375, 1, },
		{ 0.99480217695236, 0, -0.10182622075081, 0, 0, 1, 0, 0, 0.10182622075081, 0, 0.99480217695236, 0, 0.27722623944283, -4.7683714754498e-09, 0.25205194950104, 1, },
		{ 0.99539852142334, 0, -0.095821239054203, 0, 0, 1, 0, 0, 0.095821239054203, 0, 0.99539852142334, 0, 0.27484160661697, -4.7683714754498e-09, 0.23611499369144, 1, },
		{ 0.99595952033997, 0, -0.089802697300911, 0, 0, 1, 0, 0, 0.089802697300911, 0, 0.99595952033997, 0, 0.27244138717651, -4.7683714754498e-09, 0.22000701725483, 1, },
		{ 0.99648219347, 0, -0.083804771304131, 0, 0, 1, 0, 0, 0.083804771304131, 0, 0.99648219347, 0, 0.27003660798073, -4.7683714754498e-09, 0.20384356379509, 1, },
		{ 0.99696415662766, 0, -0.077862143516541, 0, 0, 1, 0, 0, 0.077862143516541, 0, 0.99696415662766, 0, 0.26763945817947, -4.7683714754498e-09, 0.1877661049366, 1, },
		{ 0.99740391969681, 0, -0.072009518742561, 0, 0, 1, 0, 0, 0.072009518742561, 0, 0.99740391969681, 0, 0.26526245474815, -4.7683714754498e-09, 0.17191615700722, 1, },
		{ 0.99780094623566, 0, -0.066281653940678, 0, 0, 1, 0, 0, 0.066281653940678, 0, 0.99780094623566, 0, 0.26291778683662, -4.7683714754498e-09, 0.15643528103828, 1, },
		{ 0.99815559387207, 0, -0.06070739030838, 0, 0, 1, 0, 0, 0.06070739030838, 0, 0.99815559387207, 0, 0.25576689839363, -4.7683714754498e-09, 0.14186652004719, 1, },
		{ 0.99847018718719, 0, -0.055291637778282, 0, 0, 1, 0, 0, 0.055291637778282, 0, 0.99847018718719, 0, 0.24865935742855, -4.7683714754498e-09, 0.1277906447649, 1, },
		{ 0.99874752759933, 0, -0.050033275038004, 0, 0, 1, 0, 0, 0.050033275038004, 0, 0.99874752759933, 0, 0.2400424182415, -4.7683714754498e-09, 0.11432703584433, 1, },
		{ 0.99899005889893, 0, -0.044931143522263, 0, 0, 1, 0, 0, 0.044931143522263, 0, 0.99899005889893, 0, 0.23042266070843, -4.7683714754498e-09, 0.10141306370497, 1, },
		{ 0.99920034408569, 0, -0.039984080940485, 0, 0, 1, 0, 0, 0.039984080940485, 0, 0.99920034408569, 0, 0.21979369223118, -4.7683714754498e-09, 0.089031606912613, 1, },
		{ 0.99938035011292, 0, -0.035198099911213, 0, 0, 1, 0, 0, 0.035198099911213, 0, 0.99938035011292, 0, 0.20819395780563, -4.7683714754498e-09, 0.077180258929729, 1, },
		{ 0.99953144788742, 0, -0.030607959255576, 0, 0, 1, 0, 0, 0.030607959255576, 0, 0.99953144788742, 0, 0.1958529651165, -4.7683714754498e-09, 0.065915174782276, 1, },
		{ 0.99965530633926, 0, -0.026255566626787, 0, 0, 1, 0, 0, 0.026255566626787, 0, 0.99965530633926, 0, 0.18304839730263, -4.7683714754498e-09, 0.055306978523731, 1, },
		{ 0.99975383281708, 0, -0.022182837128639, 0, 0, 1, 0, 0, 0.022182837128639, 0, 0.99975383281708, 0, 0.17005676031113, -4.7683714754498e-09, 0.045426435768604, 1, },
		{ 0.99983018636703, 0, -0.01843173801899, 0, 0, 1, 0, 0, 0.01843173801899, 0, 0.99983018636703, 0, 0.15715484321117, -4.7683714754498e-09, 0.036344174295664, 1, },
		{ 0.99988698959351, 0, -0.015035629272461, 0, 0, 1, 0, 0, 0.015035629272461, 0, 0.99988698959351, 0, 0.14444823563099, -4.7683714754498e-09, 0.028132829815149, 1, },
		{ 0.99992805719376, 0, -0.011994108557701, 0, 0, 1, 0, 0, 0.011994108557701, 0, 0.99992805719376, 0, 0.13135193288326, -4.7683714754498e-09, 0.020872812718153, 1, },
		{ 0.99995678663254, 0, -0.0092982426285744, 0, 0, 1, 0, 0, 0.0092982426285744, 0, 0.99995678663254, 0, 0.11711028963327, -4.7683714754498e-09, 0.014646253548563, 1, },
		{ 0.99997586011887, 0, -0.0069390013813972, 0, 0, 1, 0, 0, 0.0069390013813972, 0, 0.99997586011887, 0, 0.10096710175276, -4.7683714754498e-09, 0.0095353219658136, 1, },
		{ 0.99998795986176, 0, -0.0049075409770012, 0, 0, 1, 0, 0, 0.0049075409770012, 0, 0.99998795986176, 0, 0.082165829837322, -4.7683714754498e-09, 0.0056221676059067, 1, },
		{ 0.99999493360519, 0, -0.003199927508831, 0, 0, 1, 0, 0, 0.003199927508831, 0, 0.99999493360519, 0, 0.060576476156712, -4.7683714754498e-09, 0.0029338931199163, 1, },
		{ 0.99999839067459, 0, -0.0018332004547119, 0, 0, 1, 0, 0, 0.0018332004547119, 0, 0.99999839067459, 0, 0.038568418473005, -4.7683714754498e-09, 0.0012767314910889, 1, },
		{ 0.99999958276749, 0, -0.00082951784133911, 0, 0, 1, 0, 0, 0.00082951784133911, 0, 0.99999958276749, 0, 0.019139098003507, -4.7683714754498e-09, 0.00040141106001101, 1, },
		{ 1, 0, -0.00021106749773026, 0, 0, 1, 0, 0, 0.00021106749773026, 0, 1, 0, 0.005283813457936, -4.7683714754498e-09, 5.8832167269429e-05, 1, },
		{ 1, 0, 7.4505805969238e-09, 0, 0, 1, 0, 0, -7.4505805969238e-09, 0, 1, 0, 0, -4.7683714754498e-09, -9.5367429508997e-09, 1, },
	},
}
end
