function data()
return { 
		times = { 0, 41.667000000000001591615728102624416351318359375, 83.332999999999998408384271897375583648681640625, 125, 166.667000000000001591615728102624416351318359375, 208.332999999999998408384271897375583648681640625, 250, 291.66699999999997316990629769861698150634765625, 333.33300000000002683009370230138301849365234375, 375, 416.66699999999997316990629769861698150634765625, 458.33300000000002683009370230138301849365234375, 500, 541.6670000000000300133251585066318511962890625, 583.3329999999999699866748414933681488037109375, 625, 666.6670000000000300133251585066318511962890625, 708.3329999999999699866748414933681488037109375, 750, 791.6670000000000300133251585066318511962890625, 833.3329999999999699866748414933681488037109375, 875, 916.6670000000000300133251585066318511962890625, 958.3329999999999699866748414933681488037109375, 1000, 1041.66699999999991632648743689060211181640625, 1083.33300000000008367351256310939788818359375, 1125, 1166.66699999999991632648743689060211181640625, 1208.33300000000008367351256310939788818359375, 1250, 1291.66699999999991632648743689060211181640625, 1333.33300000000008367351256310939788818359375, 1375, 1416.66699999999991632648743689060211181640625, 1458.33300000000008367351256310939788818359375, 1500, 1541.66699999999991632648743689060211181640625, 1583.33300000000008367351256310939788818359375, 1625, 1666.66699999999991632648743689060211181640625, 1708.33300000000008367351256310939788818359375, 1750, 1791.66699999999991632648743689060211181640625, 1833.33300000000008367351256310939788818359375, 1875, 1916.66699999999991632648743689060211181640625, 1958.33300000000008367351256310939788818359375, 2000, 2041.66699999999991632648743689060211181640625, 2083.33300000000008367351256310939788818359375, 2125, 2166.66699999999991632648743689060211181640625, 2208.33300000000008367351256310939788818359375, 2250, 2291.66699999999991632648743689060211181640625, 2333.33300000000008367351256310939788818359375, 2375, 2416.66699999999991632648743689060211181640625, 2458.33300000000008367351256310939788818359375, 2500, 2541.66699999999991632648743689060211181640625, 2583.33300000000008367351256310939788818359375, 2625, 2666.66699999999991632648743689060211181640625, 2708.33300000000008367351256310939788818359375, 2750, 2791.66699999999991632648743689060211181640625, 2833.33300000000008367351256310939788818359375, 2875, 2916.66699999999991632648743689060211181640625, 2958.33300000000008367351256310939788818359375, 3000, 3041.66699999999991632648743689060211181640625, 3083.33300000000008367351256310939788818359375, 3125, 3166.66699999999991632648743689060211181640625, 3208.33300000000008367351256310939788818359375, 3250, 3291.66699999999991632648743689060211181640625, 3333.33300000000008367351256310939788818359375, 3375, 3416.66699999999991632648743689060211181640625, 3458.33300000000008367351256310939788818359375, 3500, 3541.66699999999991632648743689060211181640625, 3583.33300000000008367351256310939788818359375, 3625, 3666.66699999999991632648743689060211181640625, 3708.33300000000008367351256310939788818359375, 3750, 3791.66699999999991632648743689060211181640625, 3833.33300000000008367351256310939788818359375, 3875, 3916.66699999999991632648743689060211181640625, 3958.33300000000008367351256310939788818359375, 4000, 4041.66699999999991632648743689060211181640625, 4083.33300000000008367351256310939788818359375, 4166.6670000000003710738383233547210693359375, },
		transfs = {
			{ 1, 0, 0, 0, 0, 1, 0, 0, 0, 0, 1, 0, 0, 0, 0, 1, },
			{ 0.999999582767486572265625, 0, 0.0009062075405381619930267333984375, 0, 0, 1, 0, 0, -0.0009062075405381619930267333984375, 0, 0.999999582767486572265625, 0, 0.005554809235036373138427734375, 0, 0, 1, },
			{ 0.999994218349456787109375, 0, 0.003406661562621593475341796875, 0, 0, 1, 0, 0, -0.003406661562621593475341796875, 0, 0.999994218349456787109375, 0, 0.020111083984375, 0, 0, 1, },
			{ 0.99997425079345703125, 0, 0.0071740783751010894775390625, 0, 0, 1, 0, 0, -0.0071740783751010894775390625, 0, 0.99997425079345703125, 0, 0.0405084230005741119384765625, 0, 0, 1, },
			{ 0.999929368495941162109375, 0, 0.01188110001385211944580078125, 0, 0, 1, 0, 0, -0.01188110001385211944580078125, 0, 0.999929368495941162109375, 0, 0.063586421310901641845703125, 0, 0, 1, },
			{ 0.99985206127166748046875, 0, 0.01720030046999454498291015625, 0, 0, 1, 0, 0, -0.01720030046999454498291015625, 0, 0.99985206127166748046875, 0, 0.08618347346782684326171875, 0, 0, 1, },
			{ 0.999737918376922607421875, 0, 0.0228935144841670989990234375, 0, 0, 1, 0, 0, -0.0228935144841670989990234375, 0, 0.999737918376922607421875, 0, 0.10581481456756591796875, 0, 0, 1, },
			{ 0.999577045440673828125, 0, 0.029079787433147430419921875, 0, 0, 1, 0, 0, -0.029079787433147430419921875, 0, 0.999577045440673828125, 0, 0.122702024877071380615234375, 0, 0, 1, },
			{ 0.999352991580963134765625, 0, 0.0359671972692012786865234375, 0, 0, 1, 0, 0, -0.0359671972692012786865234375, 0, 0.999352991580963134765625, 0, 0.1377410888671875, 0, 0, 1, },
			{ 0.99904191493988037109375, 0, 0.0437634624540805816650390625, 0, 0, 1, 0, 0, -0.0437634624540805816650390625, 0, 0.99904191493988037109375, 0, 0.15183104574680328369140625, 0, 0, 1, },
			{ 0.998611629009246826171875, 0, 0.052675686776638031005859375, 0, 0, 1, 0, 0, -0.052675686776638031005859375, 0, 0.998611629009246826171875, 0, 0.16586486995220184326171875, 0, 0, 1, },
			{ 0.998026788234710693359375, 0, 0.062788791954517364501953125, 0, 0, 1, 0, 0, -0.062788791954517364501953125, 0, 0.998026788234710693359375, 0, 0.18052184581756591796875, 0, 0, 1, },
			{ 0.99728024005889892578125, 0, 0.073702298104763031005859375, 0, 0, 1, 0, 0, -0.073702298104763031005859375, 0, 0.99728024005889892578125, 0, 0.195589601993560791015625, 0, 0, 1, },
			{ 0.996389806270599365234375, 0, 0.08489514887332916259765625, 0, 0, 1, 0, 0, -0.08489514887332916259765625, 0, 0.996389806270599365234375, 0, 0.2106378078460693359375, 0, 0, 1, },
			{ 0.995395958423614501953125, 0, 0.0958478152751922607421875, 0, 0, 1, 0, 0, -0.0958478152751922607421875, 0, 0.995395958423614501953125, 0, 0.22523437440395355224609375, 0, 0, 1, },
			{ 0.994361579418182373046875, 0, 0.106042690575122833251953125, 0, 0, 1, 0, 0, -0.106042690575122833251953125, 0, 0.994361579418182373046875, 0, 0.2389489710330963134765625, 0, 0, 1, },
			{ 0.993364751338958740234375, 0, 0.11500640213489532470703125, 0, 0, 1, 0, 0, -0.11500640213489532470703125, 0, 0.993364751338958740234375, 0, 0.250414431095123291015625, 0, 0, 1, },
			{ 0.99247658252716064453125, 0, 0.122434504330158233642578125, 0, 0, 1, 0, 0, -0.122434504330158233642578125, 0, 0.99247658252716064453125, 0, 0.261879265308380126953125, 0, 0, 1, },
			{ 0.991765797138214111328125, 0, 0.12806500494480133056640625, 0, 0, 1, 0, 0, -0.12806500494480133056640625, 0, 0.991765797138214111328125, 0, 0.2686175405979156494140625, 0, 0, 1, },
			{ 0.99129807949066162109375, 0, 0.131635963916778564453125, 0, 0, 1, 0, 0, -0.131635963916778564453125, 0, 0.99129807949066162109375, 0, 0.27535521984100341796875, 0, 0, 1, },
			{ 0.991131484508514404296875, 0, 0.13288487493991851806640625, 0, 0, 1, 0, 0, -0.13288487493991851806640625, 0, 0.991131484508514404296875, 0, 0.274081408977508544921875, 0, 0, 1, },
			{ 0.991166770458221435546875, 0, 0.13262133300304412841796875, 0, 0, 1, 0, 0, -0.13262133300304412841796875, 0, 0.991166770458221435546875, 0, 0.27280700206756591796875, 0, 0, 1, },
			{ 0.991250693798065185546875, 0, 0.13199277222156524658203125, 0, 0, 1, 0, 0, -0.13199277222156524658203125, 0, 0.991250693798065185546875, 0, 0.271533191204071044921875, 0, 0, 1, },
			{ 0.991350233554840087890625, 0, 0.13124246895313262939453125, 0, 0, 1, 0, 0, -0.13124246895313262939453125, 0, 0.991350233554840087890625, 0, 0.270259380340576171875, 0, 0, 1, },
			{ 0.991433322429656982421875, 0, 0.13061381876468658447265625, 0, 0, 1, 0, 0, -0.13061381876468658447265625, 0, 0.991433322429656982421875, 0, 0.2689855992794036865234375, 0, 0, 1, },
			{ 0.991467952728271484375, 0, 0.13035018742084503173828125, 0, 0, 1, 0, 0, -0.13035018742084503173828125, 0, 0.991467952728271484375, 0, 0.2677117884159088134765625, 0, 0, 1, },
			{ 0.99143254756927490234375, 0, 0.13061921298503875732421875, 0, 0, 1, 0, 0, -0.13061921298503875732421875, 0, 0.99143254756927490234375, 0, 0.2664373815059661865234375, 0, 0, 1, },
			{ 0.99134790897369384765625, 0, 0.1312606632709503173828125, 0, 0, 1, 0, 0, -0.1312606632709503173828125, 0, 0.99134790897369384765625, 0, 0.2651635706424713134765625, 0, 0, 1, },
			{ 0.99124622344970703125, 0, 0.132026255130767822265625, 0, 0, 1, 0, 0, -0.132026255130767822265625, 0, 0.99124622344970703125, 0, 0.2638897597789764404296875, 0, 0, 1, },
			{ 0.99116051197052001953125, 0, 0.13266766071319580078125, 0, 0, 1, 0, 0, -0.13266766071319580078125, 0, 0.99116051197052001953125, 0, 0.2626153528690338134765625, 0, 0, 1, },
			{ 0.991124570369720458984375, 0, 0.13293658196926116943359375, 0, 0, 1, 0, 0, -0.13293658196926116943359375, 0, 0.991124570369720458984375, 0, 0.2613415420055389404296875, 0, 0, 1, },
			{ 0.991464793682098388671875, 0, 0.13037453591823577880859375, 0, 0, 1, 0, 0, -0.13037453591823577880859375, 0, 0.991464793682098388671875, 0, 0.2600677311420440673828125, 0, 0, 1, },
			{ 0.992316544055938720703125, 0, 0.1237250864505767822265625, 0, 0, 1, 0, 0, -0.1237250864505767822265625, 0, 0.992316544055938720703125, 0, 0.2528881728649139404296875, 0, 0, 1, },
			{ 0.99341833591461181640625, 0, 0.114542849361896514892578125, 0, 0, 1, 0, 0, -0.114542849361896514892578125, 0, 0.99341833591461181640625, 0, 0.2457086145877838134765625, 0, 0, 1, },
			{ 0.994536817073822021484375, 0, 0.10438664257526397705078125, 0, 0, 1, 0, 0, -0.10438664257526397705078125, 0, 0.994536817073822021484375, 0, 0.237060546875, 0, 0, 1, },
			{ 0.99549424648284912109375, 0, 0.09482221305370330810546875, 0, 0, 1, 0, 0, -0.09482221305370330810546875, 0, 0.99549424648284912109375, 0, 0.22841246426105499267578125, 0, 0, 1, },
			{ 0.996205031871795654296875, 0, 0.087037511169910430908203125, 0, 0, 1, 0, 0, -0.087037511169910430908203125, 0, 0.996205031871795654296875, 0, 0.2191619873046875, 0, 0, 1, },
			{ 0.99673938751220703125, 0, 0.0806876122951507568359375, 0, 0, 1, 0, 0, -0.0806876122951507568359375, 0, 0.99673938751220703125, 0, 0.20991210639476776123046875, 0, 0, 1, },
			{ 0.997180402278900146484375, 0, 0.075041808187961578369140625, 0, 0, 1, 0, 0, -0.075041808187961578369140625, 0, 0.997180402278900146484375, 0, 0.1991363465785980224609375, 0, 0, 1, },
			{ 0.997591197490692138671875, 0, 0.069367565214633941650390625, 0, 0, 1, 0, 0, -0.069367565214633941650390625, 0, 0.997591197490692138671875, 0, 0.18836058676242828369140625, 0, 0, 1, },
			{ 0.998017847537994384765625, 0, 0.06293110549449920654296875, 0, 0, 1, 0, 0, -0.06293110549449920654296875, 0, 0.998017847537994384765625, 0, 0.1755841076374053955078125, 0, 0, 1, },
			{ 0.998474657535552978515625, 0, 0.05521140992641448974609375, 0, 0, 1, 0, 0, -0.05521140992641448974609375, 0, 0.998474657535552978515625, 0, 0.1611572206020355224609375, 0, 0, 1, },
			{ 0.99891626834869384765625, 0, 0.046543262898921966552734375, 0, 0, 1, 0, 0, -0.046543262898921966552734375, 0, 0.99891626834869384765625, 0, 0.145439445972442626953125, 0, 0, 1, },
			{ 0.99929749965667724609375, 0, 0.037476457655429840087890625, 0, 0, 1, 0, 0, -0.037476457655429840087890625, 0, 0.99929749965667724609375, 0, 0.12893126904964447021484375, 0, 0, 1, },
			{ 0.99959194660186767578125, 0, 0.02856184728443622589111328125, 0, 0, 1, 0, 0, -0.02856184728443622589111328125, 0, 0.99959194660186767578125, 0, 0.11213195323944091796875, 0, 0, 1, },
			{ 0.999792873859405517578125, 0, 0.02035091817378997802734375, 0, 0, 1, 0, 0, -0.02035091817378997802734375, 0, 0.999792873859405517578125, 0, 0.095541991293430328369140625, 0, 0, 1, },
			{ 0.999911248683929443359375, 0, 0.0133221484720706939697265625, 0, 0, 1, 0, 0, -0.0133221484720706939697265625, 0, 0.999911248683929443359375, 0, 0.079520262777805328369140625, 0, 0, 1, },
			{ 0.999970614910125732421875, 0, 0.0076609509997069835662841796875, 0, 0, 1, 0, 0, -0.0076609509997069835662841796875, 0, 0.999970614910125732421875, 0, 0.063862301409244537353515625, 0, 0, 1, },
			{ 0.99999392032623291015625, 0, 0.00347915734164416790008544921875, 0, 0, 1, 0, 0, -0.00347915734164416790008544921875, 0, 0.99999392032623291015625, 0, 0.048223875463008880615234375, 0, 0, 1, },
			{ 0.999999582767486572265625, 0, 0.000888357055373489856719970703125, 0, 0, 1, 0, 0, -0.000888357055373489856719970703125, 0, 0.999999582767486572265625, 0, 0.03225646913051605224609375, 0, 0, 1, },
			{ 1, 0, 0, 0, 0, 1, 0, 0, 0, 0, 1, 0, 0.015617675147950649261474609375, 0, 0, 1, },
			{ 1, 0, 0, 0, 0, 1, 0, 0, 0, 0, 1, 0, -0.00187988276593387126922607421875, 0, 0, 1, },
			{ 1, 0, 0, 0, 0, 1, 0, 0, 0, 0, 1, 0, -0.01979125849902629852294921875, 0, 0, 1, },
			{ 1, 0, 0, 0, 0, 1, 0, 0, 0, 0, 1, 0, -0.037510983645915985107421875, 0, 0, 1, },
			{ 1, 0, 0, 0, 0, 1, 0, 0, 0, 0, 1, 0, -0.054433591663837432861328125, 0, 0, 1, },
			{ 1, 0, 0, 0, 0, 1, 0, 0, 0, 0, 1, 0, -0.069955445826053619384765625, 0, 0, 1, },
			{ 0.9999978542327880859375, 0, 0.00208386802114546298980712890625, 0, 0, 1, 0, 0, -0.00208386802114546298980712890625, 0, 0.9999978542327880859375, 0, -0.08366455137729644775390625, 0, 0, 1, },
			{ 0.999971210956573486328125, 0, 0.007584447972476482391357421875, 0, 0, 1, 0, 0, -0.007584447972476482391357421875, 0, 0.999971210956573486328125, 0, -0.09547363221645355224609375, 0, 0, 1, },
			{ 0.999881803989410400390625, 0, 0.0153748989105224609375, 0, 0, 1, 0, 0, -0.0153748989105224609375, 0, 0.999881803989410400390625, 0, -0.10728271305561065673828125, 0, 0, 1, },
			{ 0.99970400333404541015625, 0, 0.024327985942363739013671875, 0, 0, 1, 0, 0, -0.024327985942363739013671875, 0, 0.99970400333404541015625, 0, -0.11840637028217315673828125, 0, 0, 1, },
			{ 0.99944484233856201171875, 0, 0.0333165414631366729736328125, 0, 0, 1, 0, 0, -0.0333165414631366729736328125, 0, 0.99944484233856201171875, 0, -0.1295306384563446044921875, 0, 0, 1, },
			{ 0.999142110347747802734375, 0, 0.0414111278951168060302734375, 0, 0, 1, 0, 0, -0.0414111278951168060302734375, 0, 0.999142110347747802734375, 0, -0.14153502881526947021484375, 0, 0, 1, },
			{ 0.998824536800384521484375, 0, 0.0484705306589603424072265625, 0, 0, 1, 0, 0, -0.0484705306589603424072265625, 0, 0.998824536800384521484375, 0, -0.15354003012180328369140625, 0, 0, 1, },
			{ 0.99851095676422119140625, 0, 0.0545505024492740631103515625, 0, 0, 1, 0, 0, -0.0545505024492740631103515625, 0, 0.99851095676422119140625, 0, -0.1653802394866943359375, 0, 0, 1, },
			{ 0.9982159137725830078125, 0, 0.0597069561481475830078125, 0, 0, 1, 0, 0, -0.0597069561481475830078125, 0, 0.9982159137725830078125, 0, -0.17722044885158538818359375, 0, 0, 1, },
			{ 0.997950136661529541015625, 0, 0.063995681703090667724609375, 0, 0, 1, 0, 0, -0.063995681703090667724609375, 0, 0.997950136661529541015625, 0, -0.1872369349002838134765625, 0, 0, 1, },
			{ 0.997718513011932373046875, 0, 0.067510068416595458984375, 0, 0, 1, 0, 0, -0.067510068416595458984375, 0, 0.997718513011932373046875, 0, -0.19725401699542999267578125, 0, 0, 1, },
			{ 0.99751222133636474609375, 0, 0.07049380242824554443359375, 0, 0, 1, 0, 0, -0.07049380242824554443359375, 0, 0.99751222133636474609375, 0, -0.204678952693939208984375, 0, 0, 1, },
			{ 0.9973151683807373046875, 0, 0.07322795689105987548828125, 0, 0, 1, 0, 0, -0.07322795689105987548828125, 0, 0.9973151683807373046875, 0, -0.2121038734912872314453125, 0, 0, 1, },
			{ 0.99710834026336669921875, 0, 0.075993396341800689697265625, 0, 0, 1, 0, 0, -0.075993396341800689697265625, 0, 0.99710834026336669921875, 0, -0.2164807021617889404296875, 0, 0, 1, },
			{ 0.99686896800994873046875, 0, 0.079070709645748138427734375, 0, 0, 1, 0, 0, -0.079070709645748138427734375, 0, 0.99686896800994873046875, 0, -0.220858156681060791015625, 0, 0, 1, },
			{ 0.99658191204071044921875, 0, 0.0826095640659332275390625, 0, 0, 1, 0, 0, -0.0826095640659332275390625, 0, 0.99658191204071044921875, 0, -0.2252349853515625, 0, 0, 1, },
			{ 0.99627459049224853515625, 0, 0.086237035691738128662109375, 0, 0, 1, 0, 0, -0.086237035691738128662109375, 0, 0.99627459049224853515625, 0, -0.224067986011505126953125, 0, 0, 1, },
			{ 0.995991289615631103515625, 0, 0.089450061321258544921875, 0, 0, 1, 0, 0, -0.089450061321258544921875, 0, 0.995991289615631103515625, 0, -0.2229016125202178955078125, 0, 0, 1, },
			{ 0.995782375335693359375, 0, 0.09174622595310211181640625, 0, 0, 1, 0, 0, -0.09174622595310211181640625, 0, 0.995782375335693359375, 0, -0.22173522412776947021484375, 0, 0, 1, },
			{ 0.995701253414154052734375, 0, 0.092623211443424224853515625, 0, 0, 1, 0, 0, -0.092623211443424224853515625, 0, 0.995701253414154052734375, 0, -0.220568239688873291015625, 0, 0, 1, },
			{ 0.99578964710235595703125, 0, 0.091667927801609039306640625, 0, 0, 1, 0, 0, -0.091667927801609039306640625, 0, 0.99578964710235595703125, 0, -0.21940124034881591796875, 0, 0, 1, },
			{ 0.99601328372955322265625, 0, 0.0892049372196197509765625, 0, 0, 1, 0, 0, -0.0892049372196197509765625, 0, 0.99601328372955322265625, 0, -0.21823485195636749267578125, 0, 0, 1, },
			{ 0.9963090419769287109375, 0, 0.085838429629802703857421875, 0, 0, 1, 0, 0, -0.085838429629802703857421875, 0, 0.9963090419769287109375, 0, -0.21706847846508026123046875, 0, 0, 1, },
			{ 0.996618092060089111328125, 0, 0.082172982394695281982421875, 0, 0, 1, 0, 0, -0.082172982394695281982421875, 0, 0.996618092060089111328125, 0, -0.21590147912502288818359375, 0, 0, 1, },
			{ 0.9968893527984619140625, 0, 0.07881392538547515869140625, 0, 0, 1, 0, 0, -0.07881392538547515869140625, 0, 0.9968893527984619140625, 0, -0.214734494686126708984375, 0, 0, 1, },
			{ 0.99709331989288330078125, 0, 0.076189555227756500244140625, 0, 0, 1, 0, 0, -0.076189555227756500244140625, 0, 0.99709331989288330078125, 0, -0.21356810629367828369140625, 0, 0, 1, },
			{ 0.997256934642791748046875, 0, 0.074017636477947235107421875, 0, 0, 1, 0, 0, -0.074017636477947235107421875, 0, 0.997256934642791748046875, 0, -0.21240173280239105224609375, 0, 0, 1, },
			{ 0.997416317462921142578125, 0, 0.071838043630123138427734375, 0, 0, 1, 0, 0, -0.071838043630123138427734375, 0, 0.997416317462921142578125, 0, -0.21123473346233367919921875, 0, 0, 1, },
			{ 0.997603476047515869140625, 0, 0.069190226495265960693359375, 0, 0, 1, 0, 0, -0.069190226495265960693359375, 0, 0.997603476047515869140625, 0, -0.2024041712284088134765625, 0, 0, 1, },
			{ 0.99784505367279052734375, 0, 0.065613336861133575439453125, 0, 0, 1, 0, 0, -0.065613336861133575439453125, 0, 0.99784505367279052734375, 0, -0.19357360899448394775390625, 0, 0, 1, },
			{ 0.998152673244476318359375, 0, 0.0607543103396892547607421875, 0, 0, 1, 0, 0, -0.0607543103396892547607421875, 0, 0.998152673244476318359375, 0, -0.18273986876010894775390625, 0, 0, 1, },
			{ 0.998503148555755615234375, 0, 0.054692842066287994384765625, 0, 0, 1, 0, 0, -0.054692842066287994384765625, 0, 0.998503148555755615234375, 0, -0.1719067394733428955078125, 0, 0, 1, },
			{ 0.998865604400634765625, 0, 0.0476170666515827178955078125, 0, 0, 1, 0, 0, -0.0476170666515827178955078125, 0, 0.998865604400634765625, 0, -0.16011656820774078369140625, 0, 0, 1, },
			{ 0.99921095371246337890625, 0, 0.039715506136417388916015625, 0, 0, 1, 0, 0, -0.039715506136417388916015625, 0, 0.99921095371246337890625, 0, -0.14832580089569091796875, 0, 0, 1, },
			{ 0.999513804912567138671875, 0, 0.03117708303034305572509765625, 0, 0, 1, 0, 0, -0.03117708303034305572509765625, 0, 0.999513804912567138671875, 0, -0.1365850865840911865234375, 0, 0, 1, },
			{ 0.999751150608062744140625, 0, 0.0223066024482250213623046875, 0, 0, 1, 0, 0, -0.0223066024482250213623046875, 0, 0.999751150608062744140625, 0, -0.12484435737133026123046875, 0, 0, 1, },
			{ 0.99990379810333251953125, 0, 0.013871002011001110076904296875, 0, 0, 1, 0, 0, -0.013871002011001110076904296875, 0, 0.99990379810333251953125, 0, -0.11292846500873565673828125, 0, 0, 1, },
			{ 0.999977171421051025390625, 0, 0.0067530148662626743316650390625, 0, 0, 1, 0, 0, -0.0067530148662626743316650390625, 0, 0.999977171421051025390625, 0, -0.100145258009433746337890625, 0, 0, 1, },
			{ 0.9999983310699462890625, 0, 0.001835260423831641674041748046875, 0, 0, 1, 0, 0, -0.001835260423831641674041748046875, 0, 0.9999983310699462890625, 0, -0.085896603763103485107421875, 0, 0, 1, },
			{ 1, 0, 0, 0, 0, 1, 0, 0, 0, 0, 1, 0, -0.069582514464855194091796875, 0, 0, 1, },
			{ 1, 0, 0, 0, 0, 1, 0, 0, 0, 0, 1, 0, -0.05111633241176605224609375, 0, 0, 1, },
			{ 1, 0, 0, 0, 0, 1, 0, 0, 0, 0, 1, 0, -0.0324566625058650970458984375, 0, 0, 1, },
			{ 1, 0, 0, 0, 0, 1, 0, 0, 0, 0, 1, 0, -0.0160705558955669403076171875, 0, 0, 1, },
			{ 1, 0, 0, 0, 0, 1, 0, 0, 0, 0, 1, 0, 0, 0, 0, 1, },
		},
	}
end