function data()
return { 
		times = { 0, 41.667000000000001591615728102624416351318359375, 83.332999999999998408384271897375583648681640625, 125, 166.667000000000001591615728102624416351318359375, 208.332999999999998408384271897375583648681640625, 250, 291.66699999999997316990629769861698150634765625, 333.33300000000002683009370230138301849365234375, 375, 416.66699999999997316990629769861698150634765625, 458.33300000000002683009370230138301849365234375, 500, 541.6670000000000300133251585066318511962890625, 583.3329999999999699866748414933681488037109375, 625, 666.6670000000000300133251585066318511962890625, 708.3329999999999699866748414933681488037109375, 750, 791.6670000000000300133251585066318511962890625, 833.3329999999999699866748414933681488037109375, 875, 916.6670000000000300133251585066318511962890625, 958.3329999999999699866748414933681488037109375, 1000, 1041.66699999999991632648743689060211181640625, 1083.33300000000008367351256310939788818359375, 1125, 1166.66699999999991632648743689060211181640625, 1208.33300000000008367351256310939788818359375, 1250, 1291.66699999999991632648743689060211181640625, 1333.33300000000008367351256310939788818359375, 1375, 1416.66699999999991632648743689060211181640625, 1458.33300000000008367351256310939788818359375, 1500, 1541.66699999999991632648743689060211181640625, 1583.33300000000008367351256310939788818359375, 1625, 1666.66699999999991632648743689060211181640625, 1708.33300000000008367351256310939788818359375, 1750, 1791.66699999999991632648743689060211181640625, 1833.33300000000008367351256310939788818359375, 1916.66699999999991632648743689060211181640625, 1958.33300000000008367351256310939788818359375, 2000, 2041.66699999999991632648743689060211181640625, 2083.33300000000008367351256310939788818359375, 2125, 2166.66699999999991632648743689060211181640625, 2208.33300000000008367351256310939788818359375, 2250, 2291.66699999999991632648743689060211181640625, 2333.33300000000008367351256310939788818359375, 2375, 2416.66699999999991632648743689060211181640625, 2458.33300000000008367351256310939788818359375, 2500, 2541.66699999999991632648743689060211181640625, 2583.33300000000008367351256310939788818359375, 2625, 2666.66699999999991632648743689060211181640625, 2708.33300000000008367351256310939788818359375, 2750, 2791.66699999999991632648743689060211181640625, 2833.33300000000008367351256310939788818359375, 2875, 2916.66699999999991632648743689060211181640625, 2958.33300000000008367351256310939788818359375, 3000, 3041.66699999999991632648743689060211181640625, 3083.33300000000008367351256310939788818359375, 3125, 3166.66699999999991632648743689060211181640625, 3208.33300000000008367351256310939788818359375, 3250, 3291.66699999999991632648743689060211181640625, 3333.33300000000008367351256310939788818359375, 3375, 3416.66699999999991632648743689060211181640625, 3458.33300000000008367351256310939788818359375, 3500, 3541.66699999999991632648743689060211181640625, 3583.33300000000008367351256310939788818359375, 3625, 3666.66699999999991632648743689060211181640625, 3708.33300000000008367351256310939788818359375, 3750, 3791.66699999999991632648743689060211181640625, 3833.33300000000008367351256310939788818359375, 3875, 3916.66699999999991632648743689060211181640625, 3958.33300000000008367351256310939788818359375, 4000, 4041.66699999999991632648743689060211181640625, 4083.33300000000008367351256310939788818359375, 4125, 4166.6670000000003710738383233547210693359375, },
		transfs = {
			{ 1, 0, 0, 0, 0, 1, 0, 0, 0, 0, 1, 0, 0, 0, 0, 1, },
			{ 0.9999980926513671875, 0, -0.00192372663877904415130615234375, 0, 0, 1, 0, 0, 0.00192372663877904415130615234375, 0, 0.9999980926513671875, 0, 0, 0, 0, 1, },
			{ 0.999976217746734619140625, 0, -0.00689060986042022705078125, 0, 0, 1, 0, 0, 0.00689060986042022705078125, 0, 0.999976217746734619140625, 0, 0, 0, 0, 1, },
			{ 0.99990618228912353515625, 0, -0.01369400881230831146240234375, 0, 0, 1, 0, 0, 0.01369400881230831146240234375, 0, 0.99990618228912353515625, 0, 0, 0, 0, 1, },
			{ 0.99977672100067138671875, 0, -0.02112710289657115936279296875, 0, 0, 1, 0, 0, 0.02112710289657115936279296875, 0, 0.99977672100067138671875, 0, 0, 0, 0, 1, },
			{ 0.999608337879180908203125, 0, -0.02798335254192352294921875, 0, 0, 1, 0, 0, 0.02798335254192352294921875, 0, 0.999608337879180908203125, 0, 0, 0, 0, 1, },
			{ 0.999442756175994873046875, 0, -0.03337837755680084228515625, 0, 0, 1, 0, 0, 0.03337837755680084228515625, 0, 0.999442756175994873046875, 0, 0, 0, 0, 1, },
			{ 0.9992885589599609375, 0, -0.0377136766910552978515625, 0, 0, 1, 0, 0, 0.0377136766910552978515625, 0, 0.9992885589599609375, 0, 0, 0, 0, 1, },
			{ 0.99912965297698974609375, 0, -0.041711755096912384033203125, 0, 0, 1, 0, 0, 0.041711755096912384033203125, 0, 0.99912965297698974609375, 0, 0, 0, 0, 1, },
			{ 0.998937070369720458984375, 0, -0.0460947193205356597900390625, 0, 0, 1, 0, 0, 0.0460947193205356597900390625, 0, 0.998937070369720458984375, 0, 0, 0, 0, 1, },
			{ 0.998668670654296875, 0, -0.0515840351581573486328125, 0, 0, 1, 0, 0, 0.0515840351581573486328125, 0, 0.998668670654296875, 0, 0, 0, 0, 1, },
			{ 0.99827635288238525390625, 0, -0.0586873553693294525146484375, 0, 0, 1, 0, 0, 0.0586873553693294525146484375, 0, 0.99827635288238525390625, 0, 0, 0, 0, 1, },
			{ 0.99774897098541259765625, 0, -0.06705985963344573974609375, 0, 0, 1, 0, 0, 0.06705985963344573974609375, 0, 0.99774897098541259765625, 0, 0, 0, 0, 1, },
			{ 0.997096836566925048828125, 0, -0.076144158840179443359375, 0, 0, 1, 0, 0, 0.076144158840179443359375, 0, 0.997096836566925048828125, 0, 0, 0, 0, 1, },
			{ 0.996348083019256591796875, 0, -0.085383713245391845703125, 0, 0, 1, 0, 0, 0.085383713245391845703125, 0, 0.996348083019256591796875, 0, 0, 0, 0, 1, },
			{ 0.995551049709320068359375, 0, -0.0942234098911285400390625, 0, 0, 1, 0, 0, 0.0942234098911285400390625, 0, 0.995551049709320068359375, 0, 0, 0, 0, 1, },
			{ 0.9947607517242431640625, 0, -0.102230302989482879638671875, 0, 0, 1, 0, 0, 0.102230302989482879638671875, 0, 0.9947607517242431640625, 0, 0, 0, 0, 1, },
			{ 0.993991851806640625, 0, -0.10945387184619903564453125, 0, 0, 1, 0, 0, 0.10945387184619903564453125, 0, 0.993991851806640625, 0, 0, 0, 0, 1, },
			{ 0.993241727352142333984375, 0, -0.116063736379146575927734375, 0, 0, 1, 0, 0, 0.116063736379146575927734375, 0, 0.993241727352142333984375, 0, 0, 0, 0, 1, },
			{ 0.992501914501190185546875, 0, -0.12222896516323089599609375, 0, 0, 1, 0, 0, 0.12222896516323089599609375, 0, 0.992501914501190185546875, 0, 0, 0, 0, 1, },
			{ 0.991758882999420166015625, 0, -0.128118097782135009765625, 0, 0, 1, 0, 0, 0.128118097782135009765625, 0, 0.991758882999420166015625, 0, 0, 0, 0, 1, },
			{ 0.99099624156951904296875, 0, -0.1338896453380584716796875, 0, 0, 1, 0, 0, 0.1338896453380584716796875, 0, 0.99099624156951904296875, 0, 0, 0, 0, 1, },
			{ 0.99019920825958251953125, 0, -0.1396620571613311767578125, 0, 0, 1, 0, 0, 0.1396620571613311767578125, 0, 0.99019920825958251953125, 0, 0, 0, 0, 1, },
			{ 0.989351809024810791015625, 0, -0.1455438137054443359375, 0, 0, 1, 0, 0, 0.1455438137054443359375, 0, 0.989351809024810791015625, 0, 0, 0, 0, 1, },
			{ 0.98843538761138916015625, 0, -0.151642739772796630859375, 0, 0, 1, 0, 0, 0.151642739772796630859375, 0, 0.98843538761138916015625, 0, 0, 0, 0, 1, },
			{ 0.9874284267425537109375, 0, -0.15806652605533599853515625, 0, 0, 1, 0, 0, 0.15806652605533599853515625, 0, 0.9874284267425537109375, 0, 0, 0, 0, 1, },
			{ 0.9863147735595703125, 0, -0.164873182773590087890625, 0, 0, 1, 0, 0, 0.164873182773590087890625, 0, 0.9863147735595703125, 0, 0, 0, 0, 1, },
			{ 0.985109984874725341796875, 0, -0.1719248294830322265625, 0, 0, 1, 0, 0, 0.1719248294830322265625, 0, 0.985109984874725341796875, 0, 0, 0, 0, 1, },
			{ 0.983842551708221435546875, 0, -0.1790353953838348388671875, 0, 0, 1, 0, 0, 0.1790353953838348388671875, 0, 0.983842551708221435546875, 0, 0, 0, 0, 1, },
			{ 0.98254597187042236328125, 0, -0.18601979315280914306640625, 0, 0, 1, 0, 0, 0.18601979315280914306640625, 0, 0.98254597187042236328125, 0, 0, 0, 0, 1, },
			{ 0.981258869171142578125, 0, -0.19269378483295440673828125, 0, 0, 1, 0, 0, 0.19269378483295440673828125, 0, 0.981258869171142578125, 0, 0, 0, 0, 1, },
			{ 0.980016410350799560546875, 0, -0.1989166438579559326171875, 0, 0, 1, 0, 0, 0.1989166438579559326171875, 0, 0.980016410350799560546875, 0, 0, 0, 0, 1, },
			{ 0.97882068157196044921875, 0, -0.2047195136547088623046875, 0, 0, 1, 0, 0, 0.2047195136547088623046875, 0, 0.97882068157196044921875, 0, 0, 0, 0, 1, },
			{ 0.977663576602935791015625, 0, -0.2101755440235137939453125, 0, 0, 1, 0, 0, 0.2101755440235137939453125, 0, 0.977663576602935791015625, 0, 0, 0, 0, 1, },
			{ 0.97653520107269287109375, 0, -0.21535766124725341796875, 0, 0, 1, 0, 0, 0.21535766124725341796875, 0, 0.97653520107269287109375, 0, 0, 0, 0, 1, },
			{ 0.975423514842987060546875, 0, -0.2203383743762969970703125, 0, 0, 1, 0, 0, 0.2203383743762969970703125, 0, 0.975423514842987060546875, 0, 0, 0, 0, 1, },
			{ 0.974319994449615478515625, 0, -0.225167751312255859375, 0, 0, 1, 0, 0, 0.225167751312255859375, 0, 0.974319994449615478515625, 0, 0, 0, 0, 1, },
			{ 0.973236382007598876953125, 0, -0.2298063337802886962890625, 0, 0, 1, 0, 0, 0.2298063337802886962890625, 0, 0.973236382007598876953125, 0, 0, 0, 0, 1, },
			{ 0.972190201282501220703125, 0, -0.23419277369976043701171875, 0, 0, 1, 0, 0, 0.23419277369976043701171875, 0, 0.972190201282501220703125, 0, 0, 0, 0, 1, },
			{ 0.971199929714202880859375, 0, -0.23826591670513153076171875, 0, 0, 1, 0, 0, 0.23826591670513153076171875, 0, 0.971199929714202880859375, 0, 0, 0, 0, 1, },
			{ 0.970284998416900634765625, 0, -0.24196468293666839599609375, 0, 0, 1, 0, 0, 0.24196468293666839599609375, 0, 0.970284998416900634765625, 0, 0, 0, 0, 1, },
			{ 0.969467103481292724609375, 0, -0.2452210485935211181640625, 0, 0, 1, 0, 0, 0.2452210485935211181640625, 0, 0.969467103481292724609375, 0, 0, 0, 0, 1, },
			{ 0.968776166439056396484375, 0, -0.2479368746280670166015625, 0, 0, 1, 0, 0, 0.2479368746280670166015625, 0, 0.968776166439056396484375, 0, 0, 0, 0, 1, },
			{ 0.96824395656585693359375, 0, -0.2500073015689849853515625, 0, 0, 1, 0, 0, 0.2500073015689849853515625, 0, 0.96824395656585693359375, 0, 0, 0, 0, 1, },
			{ 0.967902243137359619140625, 0, -0.251326858997344970703125, 0, 0, 1, 0, 0, 0.251326858997344970703125, 0, 0.967902243137359619140625, 0, 0, 0, 0, 1, },
			{ 0.967899799346923828125, 0, -0.2513362467288970947265625, 0, 0, 1, 0, 0, 0.2513362467288970947265625, 0, 0.967899799346923828125, 0, 0, 0, 0, 1, },
			{ 0.968194544315338134765625, 0, -0.250198304653167724609375, 0, 0, 1, 0, 0, 0.250198304653167724609375, 0, 0.968194544315338134765625, 0, 0, 0, 0, 1, },
			{ 0.9685771465301513671875, 0, -0.248713076114654541015625, 0, 0, 1, 0, 0, 0.248713076114654541015625, 0, 0.9685771465301513671875, 0, 0, 0, 0, 1, },
			{ 0.9689600467681884765625, 0, -0.2472174167633056640625, 0, 0, 1, 0, 0, 0.2472174167633056640625, 0, 0.9689600467681884765625, 0, 0, 0, 0, 1, },
			{ 0.96925747394561767578125, 0, -0.24604867398738861083984375, 0, 0, 1, 0, 0, 0.24604867398738861083984375, 0, 0.96925747394561767578125, 0, 0, 0, 0, 1, },
			{ 0.9694192409515380859375, 0, -0.24541036784648895263671875, 0, 0, 1, 0, 0, 0.24541036784648895263671875, 0, 0.9694192409515380859375, 0, 0, 0, 0, 1, },
			{ 0.96953094005584716796875, 0, -0.24496887624263763427734375, 0, 0, 1, 0, 0, 0.24496887624263763427734375, 0, 0.96953094005584716796875, 0, 0, 0, 0, 1, },
			{ 0.969710767269134521484375, 0, -0.24425603449344635009765625, 0, 0, 1, 0, 0, 0.24425603449344635009765625, 0, 0.969710767269134521484375, 0, 0, 0, 0, 1, },
			{ 0.970075547695159912109375, 0, -0.24280308187007904052734375, 0, 0, 1, 0, 0, 0.24280308187007904052734375, 0, 0.970075547695159912109375, 0, 0, 0, 0, 1, },
			{ 0.970738112926483154296875, 0, -0.24014054238796234130859375, 0, 0, 1, 0, 0, 0.24014054238796234130859375, 0, 0.970738112926483154296875, 0, 0, 0, 0, 1, },
			{ 0.971767425537109375, 0, -0.23594081401824951171875, 0, 0, 1, 0, 0, 0.23594081401824951171875, 0, 0.971767425537109375, 0, 0, 0, 0, 1, },
			{ 0.973084032535552978515625, 0, -0.2304506003856658935546875, 0, 0, 1, 0, 0, 0.2304506003856658935546875, 0, 0.973084032535552978515625, 0, 0, 0, 0, 1, },
			{ 0.974575042724609375, 0, -0.22406093776226043701171875, 0, 0, 1, 0, 0, 0.22406093776226043701171875, 0, 0.974575042724609375, 0, 0, 0, 0, 1, },
			{ 0.976134836673736572265625, 0, -0.21716497838497161865234375, 0, 0, 1, 0, 0, 0.21716497838497161865234375, 0, 0.976134836673736572265625, 0, 0, 0, 0, 1, },
			{ 0.977667331695556640625, 0, -0.21015815436840057373046875, 0, 0, 1, 0, 0, 0.21015815436840057373046875, 0, 0.977667331695556640625, 0, 0, 0, 0, 1, },
			{ 0.979101836681365966796875, 0, -0.203370511531829833984375, 0, 0, 1, 0, 0, 0.203370511531829833984375, 0, 0.979101836681365966796875, 0, 0, 0, 0, 1, },
			{ 0.980431377887725830078125, 0, -0.19686114788055419921875, 0, 0, 1, 0, 0, 0.19686114788055419921875, 0, 0.980431377887725830078125, 0, 0, 0, 0, 1, },
			{ 0.981663644313812255859375, 0, -0.190621316432952880859375, 0, 0, 1, 0, 0, 0.190621316432952880859375, 0, 0.981663644313812255859375, 0, 0, 0, 0, 1, },
			{ 0.982805788516998291015625, 0, -0.18464209139347076416015625, 0, 0, 1, 0, 0, 0.18464209139347076416015625, 0, 0.982805788516998291015625, 0, 0, 0, 0, 1, },
			{ 0.983864605426788330078125, 0, -0.1789142787456512451171875, 0, 0, 1, 0, 0, 0.1789142787456512451171875, 0, 0.983864605426788330078125, 0, 0, 0, 0, 1, },
			{ 0.984851539134979248046875, 0, -0.1733992993831634521484375, 0, 0, 1, 0, 0, 0.1733992993831634521484375, 0, 0.984851539134979248046875, 0, 0, 0, 0, 1, },
			{ 0.985797107219696044921875, 0, -0.16794063150882720947265625, 0, 0, 1, 0, 0, 0.16794063150882720947265625, 0, 0.985797107219696044921875, 0, 0, 0, 0, 1, },
			{ 0.986732900142669677734375, 0, -0.1623516380786895751953125, 0, 0, 1, 0, 0, 0.1623516380786895751953125, 0, 0.986732900142669677734375, 0, 0, 0, 0, 1, },
			{ 0.987686574459075927734375, 0, -0.1564451158046722412109375, 0, 0, 1, 0, 0, 0.1564451158046722412109375, 0, 0.987686574459075927734375, 0, 0, 0, 0, 1, },
			{ 0.98868095874786376953125, 0, -0.1500330269336700439453125, 0, 0, 1, 0, 0, 0.1500330269336700439453125, 0, 0.98868095874786376953125, 0, 0, 0, 0, 1, },
			{ 0.989721715450286865234375, 0, -0.1430064737796783447265625, 0, 0, 1, 0, 0, 0.1430064737796783447265625, 0, 0.989721715450286865234375, 0, 0, 0, 0, 1, },
			{ 0.990767002105712890625, 0, -0.13557539880275726318359375, 0, 0, 1, 0, 0, 0.13557539880275726318359375, 0, 0.990767002105712890625, 0, 0, 0, 0, 1, },
			{ 0.99177014827728271484375, 0, -0.12803082168102264404296875, 0, 0, 1, 0, 0, 0.12803082168102264404296875, 0, 0.99177014827728271484375, 0, 0, 0, 0, 1, },
			{ 0.99269330501556396484375, 0, -0.120664782822132110595703125, 0, 0, 1, 0, 0, 0.120664782822132110595703125, 0, 0.99269330501556396484375, 0, 0, 0, 0, 1, },
			{ 0.993507087230682373046875, 0, -0.11377041041851043701171875, 0, 0, 1, 0, 0, 0.11377041041851043701171875, 0, 0.993507087230682373046875, 0, 0, 0, 0, 1, },
			{ 0.99419987201690673828125, 0, -0.10754789412021636962890625, 0, 0, 1, 0, 0, 0.10754789412021636962890625, 0, 0.99419987201690673828125, 0, 0, 0, 0, 1, },
			{ 0.994802653789520263671875, 0, -0.101821832358837127685546875, 0, 0, 1, 0, 0, 0.101821832358837127685546875, 0, 0.994802653789520263671875, 0, 0, 0, 0, 1, },
			{ 0.995350182056427001953125, 0, -0.0963222086429595947265625, 0, 0, 1, 0, 0, 0.0963222086429595947265625, 0, 0.995350182056427001953125, 0, 0, 0, 0, 1, },
			{ 0.995871126651763916015625, 0, -0.09077836573123931884765625, 0, 0, 1, 0, 0, 0.09077836573123931884765625, 0, 0.995871126651763916015625, 0, 0, 0, 0, 1, },
			{ 0.99638783931732177734375, 0, -0.084918983280658721923828125, 0, 0, 1, 0, 0, 0.084918983280658721923828125, 0, 0.99638783931732177734375, 0, 0, 0, 0, 1, },
			{ 0.996908724308013916015625, 0, -0.078568063676357269287109375, 0, 0, 1, 0, 0, 0.078568063676357269287109375, 0, 0.996908724308013916015625, 0, 0, 0, 0, 1, },
			{ 0.997409522533416748046875, 0, -0.071932546794414520263671875, 0, 0, 1, 0, 0, 0.071932546794414520263671875, 0, 0.997409522533416748046875, 0, 0, 0, 0, 1, },
			{ 0.997864663600921630859375, 0, -0.065315850079059600830078125, 0, 0, 1, 0, 0, 0.065315850079059600830078125, 0, 0.997864663600921630859375, 0, 0, 0, 0, 1, },
			{ 0.998256623744964599609375, 0, -0.0590218342840671539306640625, 0, 0, 1, 0, 0, 0.0590218342840671539306640625, 0, 0.998256623744964599609375, 0, 0, 0, 0, 1, },
			{ 0.998575627803802490234375, 0, -0.0533547662198543548583984375, 0, 0, 1, 0, 0, 0.0533547662198543548583984375, 0, 0.998575627803802490234375, 0, 0, 0, 0, 1, },
			{ 0.9988210201263427734375, 0, -0.0485436916351318359375, 0, 0, 1, 0, 0, 0.0485436916351318359375, 0, 0.9988210201263427734375, 0, 0, 0, 0, 1, },
			{ 0.999008655548095703125, 0, -0.0445152483880519866943359375, 0, 0, 1, 0, 0, 0.0445152483880519866943359375, 0, 0.999008655548095703125, 0, 0, 0, 0, 1, },
			{ 0.999154150485992431640625, 0, -0.041120253503322601318359375, 0, 0, 1, 0, 0, 0.041120253503322601318359375, 0, 0.999154150485992431640625, 0, 0, 0, 0, 1, },
			{ 0.9992697238922119140625, 0, -0.0382093228399753570556640625, 0, 0, 1, 0, 0, 0.0382093228399753570556640625, 0, 0.9992697238922119140625, 0, 0, 0, 0, 1, },
			{ 0.999364912509918212890625, 0, -0.03563292324542999267578125, 0, 0, 1, 0, 0, 0.03563292324542999267578125, 0, 0.999364912509918212890625, 0, 0, 0, 0, 1, },
			{ 0.999447524547576904296875, 0, -0.0332341678440570831298828125, 0, 0, 1, 0, 0, 0.0332341678440570831298828125, 0, 0.999447524547576904296875, 0, 0, 0, 0, 1, },
			{ 0.99952471256256103515625, 0, -0.03082695789635181427001953125, 0, 0, 1, 0, 0, 0.03082695789635181427001953125, 0, 0.99952471256256103515625, 0, 0, 0, 0, 1, },
			{ 0.99960172176361083984375, 0, -0.02821786701679229736328125, 0, 0, 1, 0, 0, 0.02821786701679229736328125, 0, 0.99960172176361083984375, 0, 0, 0, 0, 1, },
			{ 0.999682009220123291015625, 0, -0.025213412940502166748046875, 0, 0, 1, 0, 0, 0.025213412940502166748046875, 0, 0.999682009220123291015625, 0, 0, 0, 0, 1, },
			{ 0.99976623058319091796875, 0, -0.021620042622089385986328125, 0, 0, 1, 0, 0, 0.021620042622089385986328125, 0, 0.99976623058319091796875, 0, 0, 0, 0, 1, },
			{ 0.999848902225494384765625, 0, -0.0173812694847583770751953125, 0, 0, 1, 0, 0, 0.0173812694847583770751953125, 0, 0.999848902225494384765625, 0, 0, 0, 0, 1, },
			{ 0.999915599822998046875, 0, -0.01298905722796916961669921875, 0, 0, 1, 0, 0, 0.01298905722796916961669921875, 0, 0.999915599822998046875, 0, 0, 0, 0, 1, },
			{ 0.999958813190460205078125, 0, -0.00907262973487377166748046875, 0, 0, 1, 0, 0, 0.00907262973487377166748046875, 0, 0.999958813190460205078125, 0, 0, 0, 0, 1, },
			{ 0.99998033046722412109375, 0, -0.00626130215823650360107421875, 0, 0, 1, 0, 0, 0.00626130215823650360107421875, 0, 0.99998033046722412109375, 0, 0, 0, 0, 1, },
			{ 0.999986588954925537109375, 0, -0.005184357054531574249267578125, 0, 0, 1, 0, 0, 0.005184357054531574249267578125, 0, 0.999986588954925537109375, 0, 0, 0, 0, 1, },
		},
	}
end