function data()
return { 
		times = { 0, 41.667000000000001591615728102624416351318359375, 83.332999999999998408384271897375583648681640625, 125, 166.667000000000001591615728102624416351318359375, 208.332999999999998408384271897375583648681640625, 250, 291.66699999999997316990629769861698150634765625, 333.33300000000002683009370230138301849365234375, 375, 416.66699999999997316990629769861698150634765625, 458.33300000000002683009370230138301849365234375, 500, 541.6670000000000300133251585066318511962890625, 583.3329999999999699866748414933681488037109375, 625, 666.6670000000000300133251585066318511962890625, 708.3329999999999699866748414933681488037109375, 750, 791.6670000000000300133251585066318511962890625, 833.3329999999999699866748414933681488037109375, 916.6670000000000300133251585066318511962890625, 958.3329999999999699866748414933681488037109375, 1000, 1041.66699999999991632648743689060211181640625, 1083.33300000000008367351256310939788818359375, 1125, 1166.66699999999991632648743689060211181640625, 1208.33300000000008367351256310939788818359375, 1250, 1291.66699999999991632648743689060211181640625, 1333.33300000000008367351256310939788818359375, 1375, 1416.66699999999991632648743689060211181640625, 1458.33300000000008367351256310939788818359375, 1500, 1541.66699999999991632648743689060211181640625, 1583.33300000000008367351256310939788818359375, 1625, 1666.66699999999991632648743689060211181640625, 1708.33300000000008367351256310939788818359375, 1750, 1791.66699999999991632648743689060211181640625, 1833.33300000000008367351256310939788818359375, 1875, 1916.66699999999991632648743689060211181640625, 1958.33300000000008367351256310939788818359375, 2000, 2041.66699999999991632648743689060211181640625, 2083.33300000000008367351256310939788818359375, 2125, 2166.66699999999991632648743689060211181640625, 2208.33300000000008367351256310939788818359375, 2250, 2291.66699999999991632648743689060211181640625, 2333.33300000000008367351256310939788818359375, 2375, 2416.66699999999991632648743689060211181640625, 2458.33300000000008367351256310939788818359375, 2500, 2541.66699999999991632648743689060211181640625, 2583.33300000000008367351256310939788818359375, 2625, 2666.66699999999991632648743689060211181640625, 2708.33300000000008367351256310939788818359375, 2750, 2791.66699999999991632648743689060211181640625, 2833.33300000000008367351256310939788818359375, 2875, 2916.66699999999991632648743689060211181640625, 2958.33300000000008367351256310939788818359375, 3000, 3041.66699999999991632648743689060211181640625, 3083.33300000000008367351256310939788818359375, 3125, 3166.66699999999991632648743689060211181640625, 3208.33300000000008367351256310939788818359375, 3250, 3291.66699999999991632648743689060211181640625, 3333.33300000000008367351256310939788818359375, 3375, 3416.66699999999991632648743689060211181640625, 3458.33300000000008367351256310939788818359375, 3500, 3541.66699999999991632648743689060211181640625, 3583.33300000000008367351256310939788818359375, 3625, 3666.66699999999991632648743689060211181640625, 3708.33300000000008367351256310939788818359375, 3750, 3791.66699999999991632648743689060211181640625, 3833.33300000000008367351256310939788818359375, 3875, 3916.66699999999991632648743689060211181640625, 3958.33300000000008367351256310939788818359375, 4000, 4041.66699999999991632648743689060211181640625, 4083.33300000000008367351256310939788818359375, 4125, 4166.6670000000003710738383233547210693359375, },
		transfs = {
			{ 1, 0, 0, 0, 0, 1, 0, 0, 0, 0, 1, 0, 0, 0, 0, 1, },
			{ 0.99997997283935546875, 0, 0.006332806311547756195068359375, 0, 0, 1, 0, 0, -0.006332806311547756195068359375, 0, 0.99997997283935546875, 0, 0, 0, 0, 1, },
			{ 0.99973809719085693359375, 0, 0.0228865034878253936767578125, 0, 0, 1, 0, 0, -0.0228865034878253936767578125, 0, 0.99973809719085693359375, 0, 0, 0, 0, 1, },
			{ 0.998942077159881591796875, 0, 0.0459863729774951934814453125, 0, 0, 1, 0, 0, -0.0459863729774951934814453125, 0, 0.998942077159881591796875, 0, 0, 0, 0, 1, },
			{ 0.99740827083587646484375, 0, 0.071948595345020294189453125, 0, 0, 1, 0, 0, -0.071948595345020294189453125, 0, 0.99740827083587646484375, 0, 0, 0, 0, 1, },
			{ 0.995275080204010009765625, 0, 0.097095556557178497314453125, 0, 0, 1, 0, 0, -0.097095556557178497314453125, 0, 0.995275080204010009765625, 0, 0, 0, 0, 1, },
			{ 0.992946147918701171875, 0, 0.11856572329998016357421875, 0, 0, 1, 0, 0, -0.11856572329998016357421875, 0, 0.992946147918701171875, 0, 0, 0, 0, 1, },
			{ 0.990616261959075927734375, 0, 0.13667286932468414306640625, 0, 0, 1, 0, 0, -0.13667286932468414306640625, 0, 0.990616261959075927734375, 0, 0, 0, 0, 1, },
			{ 0.988300979137420654296875, 0, 0.15251623094081878662109375, 0, 0, 1, 0, 0, -0.15251623094081878662109375, 0, 0.988300979137420654296875, 0, 0, 0, 0, 1, },
			{ 0.985925257205963134765625, 0, 0.167186558246612548828125, 0, 0, 1, 0, 0, -0.167186558246612548828125, 0, 0.985925257205963134765625, 0, 0, 0, 0, 1, },
			{ 0.983341872692108154296875, 0, 0.18176551163196563720703125, 0, 0, 1, 0, 0, -0.18176551163196563720703125, 0, 0.983341872692108154296875, 0, 0, 0, 0, 1, },
			{ 0.98038995265960693359375, 0, 0.19706690311431884765625, 0, 0, 1, 0, 0, -0.19706690311431884765625, 0, 0.98038995265960693359375, 0, 0, 0, 0, 1, },
			{ 0.9770805835723876953125, 0, 0.2128694951534271240234375, 0, 0, 1, 0, 0, -0.2128694951534271240234375, 0, 0.9770805835723876953125, 0, 0, 0, 0, 1, },
			{ 0.9734971523284912109375, 0, 0.228698790073394775390625, 0, 0, 1, 0, 0, -0.228698790073394775390625, 0, 0.9734971523284912109375, 0, 0, 0, 0, 1, },
			{ 0.969753324985504150390625, 0, 0.24408669769763946533203125, 0, 0, 1, 0, 0, -0.24408669769763946533203125, 0, 0.969753324985504150390625, 0, 0, 0, 0, 1, },
			{ 0.965991795063018798828125, 0, 0.258572518825531005859375, 0, 0, 1, 0, 0, -0.258572518825531005859375, 0, 0.965991795063018798828125, 0, 0, 0, 0, 1, },
			{ 0.962387025356292724609375, 0, 0.271681964397430419921875, 0, 0, 1, 0, 0, -0.271681964397430419921875, 0, 0.962387025356292724609375, 0, 0, 0, 0, 1, },
			{ 0.959160268306732177734375, 0, 0.2828631103038787841796875, 0, 0, 1, 0, 0, -0.2828631103038787841796875, 0, 0.959160268306732177734375, 0, 0, 0, 0, 1, },
			{ 0.95655572414398193359375, 0, 0.2915493547916412353515625, 0, 0, 1, 0, 0, -0.2915493547916412353515625, 0, 0.95655572414398193359375, 0, 0, 0, 0, 1, },
			{ 0.954822361469268798828125, 0, 0.29717719554901123046875, 0, 0, 1, 0, 0, -0.29717719554901123046875, 0, 0.954822361469268798828125, 0, 0, 0, 0, 1, },
			{ 0.954196512699127197265625, 0, 0.2991803586483001708984375, 0, 0, 1, 0, 0, -0.2991803586483001708984375, 0, 0.954196512699127197265625, 0, 0, 0, 0, 1, },
			{ 0.954440534114837646484375, 0, 0.2984012067317962646484375, 0, 0, 1, 0, 0, -0.2984012067317962646484375, 0, 0.954440534114837646484375, 0, 0, 0, 0, 1, },
			{ 0.95468413829803466796875, 0, 0.2976206839084625244140625, 0, 0, 1, 0, 0, -0.2976206839084625244140625, 0, 0.95468413829803466796875, 0, 0, 0, 0, 1, },
			{ 0.954954683780670166015625, 0, 0.296751499176025390625, 0, 0, 1, 0, 0, -0.296751499176025390625, 0, 0.954954683780670166015625, 0, 0, 0, 0, 1, },
			{ 0.955211818218231201171875, 0, 0.2959227859973907470703125, 0, 0, 1, 0, 0, -0.2959227859973907470703125, 0, 0.955211818218231201171875, 0, 0, 0, 0, 1, },
			{ 0.955441057682037353515625, 0, 0.2951819896697998046875, 0, 0, 1, 0, 0, -0.2951819896697998046875, 0, 0.955441057682037353515625, 0, 0, 0, 0, 1, },
			{ 0.955728352069854736328125, 0, 0.29425048828125, 0, 0, 1, 0, 0, -0.29425048828125, 0, 0.955728352069854736328125, 0, 0, 0, 0, 1, },
			{ 0.9561836719512939453125, 0, 0.292767465114593505859375, 0, 0, 1, 0, 0, -0.292767465114593505859375, 0, 0.9561836719512939453125, 0, 0, 0, 0, 1, },
			{ 0.9569141864776611328125, 0, 0.290370881557464599609375, 0, 0, 1, 0, 0, -0.290370881557464599609375, 0, 0.9569141864776611328125, 0, 0, 0, 0, 1, },
			{ 0.958020985126495361328125, 0, 0.286697864532470703125, 0, 0, 1, 0, 0, -0.286697864532470703125, 0, 0.958020985126495361328125, 0, 0, 0, 0, 1, },
			{ 0.959563434123992919921875, 0, 0.2814925611019134521484375, 0, 0, 1, 0, 0, -0.2814925611019134521484375, 0, 0.959563434123992919921875, 0, 0, 0, 0, 1, },
			{ 0.961461007595062255859375, 0, 0.27494132518768310546875, 0, 0, 1, 0, 0, -0.27494132518768310546875, 0, 0.961461007595062255859375, 0, 0, 0, 0, 1, },
			{ 0.96360194683074951171875, 0, 0.267341077327728271484375, 0, 0, 1, 0, 0, -0.267341077327728271484375, 0, 0.96360194683074951171875, 0, 0, 0, 0, 1, },
			{ 0.96587955951690673828125, 0, 0.2589914798736572265625, 0, 0, 1, 0, 0, -0.2589914798736572265625, 0, 0.96587955951690673828125, 0, 0, 0, 0, 1, },
			{ 0.968195617198944091796875, 0, 0.250194370746612548828125, 0, 0, 1, 0, 0, -0.250194370746612548828125, 0, 0.968195617198944091796875, 0, 0, 0, 0, 1, },
			{ 0.970489978790283203125, 0, 0.24114130437374114990234375, 0, 0, 1, 0, 0, -0.24114130437374114990234375, 0, 0.970489978790283203125, 0, 0, 0, 0, 1, },
			{ 0.97281754016876220703125, 0, 0.2315728962421417236328125, 0, 0, 1, 0, 0, -0.2315728962421417236328125, 0, 0.97281754016876220703125, 0, 0, 0, 0, 1, },
			{ 0.975248038768768310546875, 0, 0.22111339867115020751953125, 0, 0, 1, 0, 0, -0.22111339867115020751953125, 0, 0.975248038768768310546875, 0, 0, 0, 0, 1, },
			{ 0.977833569049835205078125, 0, 0.2093836963176727294921875, 0, 0, 1, 0, 0, -0.2093836963176727294921875, 0, 0.977833569049835205078125, 0, 0, 0, 0, 1, },
			{ 0.980603694915771484375, 0, 0.19600065052509307861328125, 0, 0, 1, 0, 0, -0.19600065052509307861328125, 0, 0.980603694915771484375, 0, 0, 0, 0, 1, },
			{ 0.98353290557861328125, 0, 0.1807292401790618896484375, 0, 0, 1, 0, 0, -0.1807292401790618896484375, 0, 0.98353290557861328125, 0, 0, 0, 0, 1, },
			{ 0.986469447612762451171875, 0, 0.16394518315792083740234375, 0, 0, 1, 0, 0, -0.16394518315792083740234375, 0, 0.986469447612762451171875, 0, 0, 0, 0, 1, },
			{ 0.9892575740814208984375, 0, 0.14618289470672607421875, 0, 0, 1, 0, 0, -0.14618289470672607421875, 0, 0.9892575740814208984375, 0, 0, 0, 0, 1, },
			{ 0.99177610874176025390625, 0, 0.12798433005809783935546875, 0, 0, 1, 0, 0, -0.12798433005809783935546875, 0, 0.99177610874176025390625, 0, 0, 0, 0, 1, },
			{ 0.99394285678863525390625, 0, 0.109898053109645843505859375, 0, 0, 1, 0, 0, -0.109898053109645843505859375, 0, 0.99394285678863525390625, 0, 0, 0, 0, 1, },
			{ 0.9957287311553955078125, 0, 0.0923272073268890380859375, 0, 0, 1, 0, 0, -0.0923272073268890380859375, 0, 0.9957287311553955078125, 0, 0, 0, 0, 1, },
			{ 0.997177898883819580078125, 0, 0.075075097382068634033203125, 0, 0, 1, 0, 0, -0.075075097382068634033203125, 0, 0.997177898883819580078125, 0, 0, 0, 0, 1, },
			{ 0.998328626155853271484375, 0, 0.0577926337718963623046875, 0, 0, 1, 0, 0, -0.0577926337718963623046875, 0, 0.998328626155853271484375, 0, 0, 0, 0, 1, },
			{ 0.99919450283050537109375, 0, 0.0401287339627742767333984375, 0, 0, 1, 0, 0, -0.0401287339627742767333984375, 0, 0.99919450283050537109375, 0, 0, 0, 0, 1, },
			{ 0.999763786792755126953125, 0, 0.021731637418270111083984375, 0, 0, 1, 0, 0, -0.021731637418270111083984375, 0, 0.999763786792755126953125, 0, 0, 0, 0, 1, },
			{ 0.999997079372406005859375, 0, 0.00242424220778048038482666015625, 0, 0, 1, 0, 0, -0.00242424220778048038482666015625, 0, 0.999997079372406005859375, 0, 0, 0, 0, 1, },
			{ 0.999850749969482421875, 0, -0.017271451652050018310546875, 0, 0, 1, 0, 0, 0.017271451652050018310546875, 0, 0.999850749969482421875, 0, 0, 0, 0, 1, },
			{ 0.999327838420867919921875, 0, -0.0366581790149211883544921875, 0, 0, 1, 0, 0, 0.0366581790149211883544921875, 0, 0.999327838420867919921875, 0, 0, 0, 0, 1, },
			{ 0.998484134674072265625, 0, -0.0550403185188770294189453125, 0, 0, 1, 0, 0, 0.0550403185188770294189453125, 0, 0.998484134674072265625, 0, 0, 0, 0, 1, },
			{ 0.997424304485321044921875, 0, -0.07172600924968719482421875, 0, 0, 1, 0, 0, 0.07172600924968719482421875, 0, 0.997424304485321044921875, 0, 0, 0, 0, 1, },
			{ 0.996272146701812744140625, 0, -0.086265079677104949951171875, 0, 0, 1, 0, 0, 0.086265079677104949951171875, 0, 0.996272146701812744140625, 0, 0, 0, 0, 1, },
			{ 0.995071887969970703125, 0, -0.09915633499622344970703125, 0, 0, 1, 0, 0, 0.09915633499622344970703125, 0, 0.995071887969970703125, 0, 0, 0, 0, 1, },
			{ 0.993805468082427978515625, 0, -0.11113329231739044189453125, 0, 0, 1, 0, 0, 0.11113329231739044189453125, 0, 0.993805468082427978515625, 0, 0, 0, 0, 1, },
			{ 0.992415726184844970703125, 0, -0.122926585376262664794921875, 0, 0, 1, 0, 0, 0.122926585376262664794921875, 0, 0.992415726184844970703125, 0, 0, 0, 0, 1, },
			{ 0.9908096790313720703125, 0, -0.1352629959583282470703125, 0, 0, 1, 0, 0, 0.1352629959583282470703125, 0, 0.9908096790313720703125, 0, 0, 0, 0, 1, },
			{ 0.98889291286468505859375, 0, -0.1486295759677886962890625, 0, 0, 1, 0, 0, 0.1486295759677886962890625, 0, 0.98889291286468505859375, 0, 0, 0, 0, 1, },
			{ 0.98669660091400146484375, 0, -0.1625721752643585205078125, 0, 0, 1, 0, 0, 0.1625721752643585205078125, 0, 0.98669660091400146484375, 0, 0, 0, 0, 1, },
			{ 0.98431742191314697265625, 0, -0.176406204700469970703125, 0, 0, 1, 0, 0, 0.176406204700469970703125, 0, 0.98431742191314697265625, 0, 0, 0, 0, 1, },
			{ 0.981889665126800537109375, 0, -0.18945322930812835693359375, 0, 0, 1, 0, 0, 0.18945322930812835693359375, 0, 0.981889665126800537109375, 0, 0, 0, 0, 1, },
			{ 0.97958266735076904296875, 0, -0.20104171335697174072265625, 0, 0, 1, 0, 0, 0.20104171335697174072265625, 0, 0.97958266735076904296875, 0, 0, 0, 0, 1, },
			{ 0.977555096149444580078125, 0, -0.2106796205043792724609375, 0, 0, 1, 0, 0, 0.2106796205043792724609375, 0, 0.977555096149444580078125, 0, 0, 0, 0, 1, },
			{ 0.975822031497955322265625, 0, -0.218566596508026123046875, 0, 0, 1, 0, 0, 0.218566596508026123046875, 0, 0.975822031497955322265625, 0, 0, 0, 0, 1, },
			{ 0.974342048168182373046875, 0, -0.22507207095623016357421875, 0, 0, 1, 0, 0, 0.22507207095623016357421875, 0, 0.974342048168182373046875, 0, 0, 0, 0, 1, },
			{ 0.97305762767791748046875, 0, -0.23056189715862274169921875, 0, 0, 1, 0, 0, 0.23056189715862274169921875, 0, 0.97305762767791748046875, 0, 0, 0, 0, 1, },
			{ 0.971898615360260009765625, 0, -0.23539960384368896484375, 0, 0, 1, 0, 0, 0.23539960384368896484375, 0, 0.971898615360260009765625, 0, 0, 0, 0, 1, },
			{ 0.970811367034912109375, 0, -0.2398441731929779052734375, 0, 0, 1, 0, 0, 0.2398441731929779052734375, 0, 0.970811367034912109375, 0, 0, 0, 0, 1, },
			{ 0.969839751720428466796875, 0, -0.24374322593212127685546875, 0, 0, 1, 0, 0, 0.24374322593212127685546875, 0, 0.969839751720428466796875, 0, 0, 0, 0, 1, },
			{ 0.969055652618408203125, 0, -0.2468424141407012939453125, 0, 0, 1, 0, 0, 0.2468424141407012939453125, 0, 0.969055652618408203125, 0, 0, 0, 0, 1, },
			{ 0.968532145023345947265625, 0, -0.24888826906681060791015625, 0, 0, 1, 0, 0, 0.24888826906681060791015625, 0, 0.968532145023345947265625, 0, 0, 0, 0, 1, },
			{ 0.9683420658111572265625, 0, -0.24962674081325531005859375, 0, 0, 1, 0, 0, 0.24962674081325531005859375, 0, 0.9683420658111572265625, 0, 0, 0, 0, 1, },
			{ 0.968398988246917724609375, 0, -0.2494061291217803955078125, 0, 0, 1, 0, 0, 0.2494061291217803955078125, 0, 0.968398988246917724609375, 0, 0, 0, 0, 1, },
			{ 0.96859848499298095703125, 0, -0.2486302554607391357421875, 0, 0, 1, 0, 0, 0.2486302554607391357421875, 0, 0.96859848499298095703125, 0, 0, 0, 0, 1, },
			{ 0.96898281574249267578125, 0, -0.247128009796142578125, 0, 0, 1, 0, 0, 0.247128009796142578125, 0, 0.96898281574249267578125, 0, 0, 0, 0, 1, },
			{ 0.9695918560028076171875, 0, -0.24472768604755401611328125, 0, 0, 1, 0, 0, 0.24472768604755401611328125, 0, 0.9695918560028076171875, 0, 0, 0, 0, 1, },
			{ 0.970461308956146240234375, 0, -0.2412565052509307861328125, 0, 0, 1, 0, 0, 0.2412565052509307861328125, 0, 0.970461308956146240234375, 0, 0, 0, 0, 1, },
			{ 0.971614360809326171875, 0, -0.23657034337520599365234375, 0, 0, 1, 0, 0, 0.23657034337520599365234375, 0, 0.971614360809326171875, 0, 0, 0, 0, 1, },
			{ 0.973038196563720703125, 0, -0.23064382374286651611328125, 0, 0, 1, 0, 0, 0.23064382374286651611328125, 0, 0.973038196563720703125, 0, 0, 0, 0, 1, },
			{ 0.97470843791961669921875, 0, -0.22348032891750335693359375, 0, 0, 1, 0, 0, 0.22348032891750335693359375, 0, 0.97470843791961669921875, 0, 0, 0, 0, 1, },
			{ 0.976595818996429443359375, 0, -0.21508289873600006103515625, 0, 0, 1, 0, 0, 0.21508289873600006103515625, 0, 0.976595818996429443359375, 0, 0, 0, 0, 1, },
			{ 0.978666841983795166015625, 0, -0.20545376837253570556640625, 0, 0, 1, 0, 0, 0.20545376837253570556640625, 0, 0.978666841983795166015625, 0, 0, 0, 0, 1, },
			{ 0.98087489604949951171875, 0, -0.19463898241519927978515625, 0, 0, 1, 0, 0, 0.19463898241519927978515625, 0, 0.98087489604949951171875, 0, 0, 0, 0, 1, },
			{ 0.983138859272003173828125, 0, -0.18286065757274627685546875, 0, 0, 1, 0, 0, 0.18286065757274627685546875, 0, 0.983138859272003173828125, 0, 0, 0, 0, 1, },
			{ 0.9853770732879638671875, 0, -0.1703875064849853515625, 0, 0, 1, 0, 0, 0.1703875064849853515625, 0, 0.9853770732879638671875, 0, 0, 0, 0, 1, },
			{ 0.98752033710479736328125, 0, -0.15749116241931915283203125, 0, 0, 1, 0, 0, 0.15749116241931915283203125, 0, 0.98752033710479736328125, 0, 0, 0, 0, 1, },
			{ 0.989512741565704345703125, 0, -0.14444553852081298828125, 0, 0, 1, 0, 0, 0.14444553852081298828125, 0, 0.989512741565704345703125, 0, 0, 0, 0, 1, },
			{ 0.991329252719879150390625, 0, -0.131401538848876953125, 0, 0, 1, 0, 0, 0.131401538848876953125, 0, 0.991329252719879150390625, 0, 0, 0, 0, 1, },
			{ 0.993012726306915283203125, 0, -0.11800666153430938720703125, 0, 0, 1, 0, 0, 0.11800666153430938720703125, 0, 0.993012726306915283203125, 0, 0, 0, 0, 1, },
			{ 0.994600236415863037109375, 0, -0.1037798821926116943359375, 0, 0, 1, 0, 0, 0.1037798821926116943359375, 0, 0.994600236415863037109375, 0, 0, 0, 0, 1, },
			{ 0.996099412441253662109375, 0, -0.088237740099430084228515625, 0, 0, 1, 0, 0, 0.088237740099430084228515625, 0, 0.996099412441253662109375, 0, 0, 0, 0, 1, },
			{ 0.997483730316162109375, 0, -0.0708950459957122802734375, 0, 0, 1, 0, 0, 0.0708950459957122802734375, 0, 0.997483730316162109375, 0, 0, 0, 0, 1, },
			{ 0.99866044521331787109375, 0, -0.051743291318416595458984375, 0, 0, 1, 0, 0, 0.051743291318416595458984375, 0, 0.99866044521331787109375, 0, 0, 0, 0, 1, },
			{ 0.99946558475494384765625, 0, -0.032687775790691375732421875, 0, 0, 1, 0, 0, 0.032687775790691375732421875, 0, 0.99946558475494384765625, 0, 0, 0, 0, 1, },
			{ 0.9998700618743896484375, 0, -0.0161186754703521728515625, 0, 0, 1, 0, 0, 0.0161186754703521728515625, 0, 0.9998700618743896484375, 0, 0, 0, 0, 1, },
			{ 0.9999902248382568359375, 0, -0.0044270493090152740478515625, 0, 0, 1, 0, 0, 0.0044270493090152740478515625, 0, 0.9999902248382568359375, 0, 0, 0, 0, 1, },
			{ 1, 0, 0, 0, 0, 1, 0, 0, 0, 0, 1, 0, 0, 0, 0, 1, },
		},
	}
end