function data()
return { 
		times = { 0, 41.667000000000001591615728102624416351318359375, 83.332999999999998408384271897375583648681640625, 125, 166.667000000000001591615728102624416351318359375, 208.332999999999998408384271897375583648681640625, 250, 291.66699999999997316990629769861698150634765625, 333.33300000000002683009370230138301849365234375, 375, 416.66699999999997316990629769861698150634765625, 458.33300000000002683009370230138301849365234375, 500, 541.6670000000000300133251585066318511962890625, 583.3329999999999699866748414933681488037109375, 625, 666.6670000000000300133251585066318511962890625, 708.3329999999999699866748414933681488037109375, 750, 791.6670000000000300133251585066318511962890625, 833.3329999999999699866748414933681488037109375, 875, 916.6670000000000300133251585066318511962890625, 958.3329999999999699866748414933681488037109375, 1000, 1041.66699999999991632648743689060211181640625, 1083.33300000000008367351256310939788818359375, 1125, 1166.66699999999991632648743689060211181640625, 1208.33300000000008367351256310939788818359375, 1250, 1291.66699999999991632648743689060211181640625, 1333.33300000000008367351256310939788818359375, 1375, 1416.66699999999991632648743689060211181640625, 1458.33300000000008367351256310939788818359375, 1500, 1541.66699999999991632648743689060211181640625, 1583.33300000000008367351256310939788818359375, 1625, 1666.66699999999991632648743689060211181640625, 1708.33300000000008367351256310939788818359375, 1750, 1791.66699999999991632648743689060211181640625, 1833.33300000000008367351256310939788818359375, 1875, 1916.66699999999991632648743689060211181640625, 1958.33300000000008367351256310939788818359375, 2000, 2041.66699999999991632648743689060211181640625, 2083.33300000000008367351256310939788818359375, 2125, 2166.66699999999991632648743689060211181640625, 2208.33300000000008367351256310939788818359375, 2250, 2291.66699999999991632648743689060211181640625, 2333.33300000000008367351256310939788818359375, 2375, 2416.66699999999991632648743689060211181640625, 2458.33300000000008367351256310939788818359375, 2500, 2541.66699999999991632648743689060211181640625, 2583.33300000000008367351256310939788818359375, 2625, 2666.66699999999991632648743689060211181640625, 2708.33300000000008367351256310939788818359375, 2750, 2791.66699999999991632648743689060211181640625, 2833.33300000000008367351256310939788818359375, 2875, 2916.66699999999991632648743689060211181640625, 2958.33300000000008367351256310939788818359375, 3000, 3041.66699999999991632648743689060211181640625, 3083.33300000000008367351256310939788818359375, 3125, 3166.66699999999991632648743689060211181640625, 3208.33300000000008367351256310939788818359375, 3250, 3291.66699999999991632648743689060211181640625, 3333.33300000000008367351256310939788818359375, 3375, 3416.66699999999991632648743689060211181640625, 3458.33300000000008367351256310939788818359375, 3500, 3541.66699999999991632648743689060211181640625, 3583.33300000000008367351256310939788818359375, 3625, 3666.66699999999991632648743689060211181640625, 3708.33300000000008367351256310939788818359375, 3750, 3791.66699999999991632648743689060211181640625, 3833.33300000000008367351256310939788818359375, 3875, 3916.66699999999991632648743689060211181640625, 3958.33300000000008367351256310939788818359375, 4000, 4041.66699999999991632648743689060211181640625, 4083.33300000000008367351256310939788818359375, 4125, 4166.6670000000003710738383233547210693359375, },
		transfs = {
			{ 1, -0.00000000000000001387778780781445675529539585113525390625, 0.0000000000000000277514182058702219934968880021841641791979782283, 0, 0.00000000000000001387778780781445675529539585113525390625, 1, -0.00000000000000000173472347597680709441192448139190673828125, 0, -0.00000000000000002775973137102637992162934565953946730587631464, 0.00000000000000000173472347597680709441192448139190673828125, 1, 0, -0.0000006103515488575794734060764312744140625, 0, 0, 1, },
			{ 0.99981796741485595703125, 0.0000000000005305338958948302430229659876204095780849456787109375, 0.01907499320805072784423828125, 0, -0.00000000000047305215300497138741775415837764739990234375, 1, -0.000000000003017815164430004415407893247902393341064453125, 0, -0.0190750025212764739990234375, 0.000000000003008239490842612440246739424765110015869140625, 0.99981796741485595703125, 0, -0.001200561528094112873077392578125, 0, -0.00016006469377316534519195556640625, 1, },
			{ 0.999271690845489501953125, 0.000000000001118827253066001503611914813518524169921875, 0.0381575040519237518310546875, 0, -0.0000000000008887612867880534395226277410984039306640625, 1, -0.00000000000604640122692234882606499013490974903106689453125, 0, -0.038157515227794647216796875, 0.0000000000060080824863806281399547515320591628551483154296875, 0.999271690845489501953125, 0, -0.00240112305618822574615478515625, 0, -0.00032028197892941534519195556640625, 1, },
			{ 0.99836456775665283203125, 0.000000000001762215265203870284693721259827725589275360107421875, 0.0571677386760711669921875, 0, -0.00000000000124557308911477093715802766382694244384765625, 1, -0.00000000000907306348107983495765438419766724109649658203125, 0, -0.0571677684783935546875, 0.00000000000898701946194790934896445833146572113037109375, 0.99836456775665283203125, 0, -0.00360107421875, 0, -0.0004803466727025806903839111328125, 1, },
			{ 0.997105896472930908203125, 0.00000000000245711762568434632925118421553634107112884521484375, 0.076024942100048065185546875, 0, -0.000000000001542821426170348786399699747562408447265625, 1, -0.000000000012084799307088278652599910856224596500396728515625, 0, -0.07602496445178985595703125, 0.000000000011932531351899200444677262566983699798583984375, 0.997105896472930908203125, 0, -0.0048010251484811305999755859375, 0, -0.0006404113373719155788421630859375, 1, },
			{ 0.99551093578338623046875, 0.00000000000319892723421588698329287581145763397216796875, 0.0946468412876129150390625, 0, -0.000000000001780769867502918213375551204080693423748016357421875, 1, -0.00000000001506821924179835292534335167147219181060791015625, 0, -0.094646893441677093505859375, 0.000000000014832031436373682709017884917557239532470703125, 0.99551093578338623046875, 0, -0.0060009765438735485076904296875, 0, -0.000800476060248911380767822265625, 1, },
			{ 0.99360048770904541015625, 0.00000000000398224508924016618038876913487911224365234375, 0.112951718270778656005859375, 0, -0.00000000000196054283918556393473409116268157958984375, 1, -0.00000000001800985749422778781081433407962322235107421875, 0, -0.11295177042484283447265625, 0.00000000001767315460643459346101735718548297882080078125, 0.99360048770904541015625, 0, -0.0072015379555523395538330078125, 0, -0.000960693345405161380767822265625, 1, },
			{ 0.991401374340057373046875, 0.00000000000480060435847917688079178333282470703125, 0.13085590302944183349609375, 0, -0.0000000000020841939285531907444237731397151947021484375, 1, -0.00000000002089579898001403535090503282845020294189453125, 0, -0.13085596263408660888671875, 0.000000000020443390036373187967910780571401119232177734375, 0.991401374340057373046875, 0, -0.00840148888528347015380859375, 0, -0.00112075801007449626922607421875, 1, },
			{ 0.988945484161376953125, 0.0000000000056468996145753180826432071626186370849609375, 0.14827950298786163330078125, 0, -0.00000000000215462370167784911245689727365970611572265625, 1, -0.00000000002371258224498351552256281138397753238677978515625, 0, -0.14827956259250640869140625, 0.000000000023130962423234535663141286931931972503662109375, 0.988945484161376953125, 0, -0.0096014402806758880615234375, 0, -0.001280822674743831157684326171875, 1, },
			{ 0.986269772052764892578125, 0.00000000000651313725175128865885199047625064849853515625, 0.1651416718959808349609375, 0, -0.00000000000217557916126764894215739332139492034912109375, 1, -0.00000000002644647001392996799040702171623706817626953125, 0, -0.165141761302947998046875, 0.00000000002572407564738199425846687518060207366943359375, 0.986269772052764892578125, 0, -0.01080139167606830596923828125, 0, -0.001440887455828487873077392578125, 1, },
			{ 0.983415544033050537109375, 0.000000000007390809318719160359023589990101754665374755859375, 0.1813664734363555908203125, 0, -0.000000000002151556710572322117513976991176605224609375, 1, -0.0000000000290843772676740996985245146788656711578369140625, 0, -0.18136657774448394775390625, 0.00000000002821180788981081377642112784087657928466796875, 0.983415544033050537109375, 0, -0.012001953087747097015380859375, 0, -0.001601104740984737873077392578125, 1, },
			{ 0.9804275035858154296875, 0.0000000000082709117332768755659344606101512908935546875, 0.1968803107738494873046875, 0, -0.0000000000020876911310807599875261075794696807861328125, 1, -0.000000000031613496542792773880137247033417224884033203125, 0, -0.196880400180816650390625, 0.0000000000305837126457486618846814963035285472869873046875, 0.9804275035858154296875, 0, -0.0132019035518169403076171875, 0, -0.00176116940565407276153564453125, 1, },
			{ 0.977353274822235107421875, 0.00000000000914411601993236899943440221250057220458984375, 0.211614191532135009765625, 0, -0.00000000000198970007136978210837696678936481475830078125, 1, -0.0000000000340216917138480567928127129562199115753173828125, 0, -0.21161429584026336669921875, 0.000000000032830162199903867303873994387686252593994140625, 0.977353274822235107421875, 0, -0.0128436274826526641845703125, 0, -0.001921234070323407649993896484375, 1, },
			{ 0.974242389202117919921875, 0.000000000010000889005823410116136074066162109375, 0.22550328075885772705078125, 0, -0.0000000000018637036358626346554956398904323577880859375, 1, -0.0000000000362974095224899429013021290302276611328125, 0, -0.22550339996814727783203125, 0.00000000003494220190969343775577726773917675018310546875, 0.974242389202117919921875, 0, -0.012484741397202014923095703125, 0, -0.0020814514718949794769287109375, 1, },
			{ 0.9711456298828125, 0.00000000001083159950621137568305130116641521453857421875, 0.23848707973957061767578125, 0, -0.00000000000171611336252652790790307335555553436279296875, 1, -0.000000000038429752435842345903438399545848369598388671875, 0, -0.23848716914653778076171875, 0.0000000000369116126552881951283779926598072052001953125, 0.9711456298828125, 0, -0.0121264643967151641845703125, 0, -0.0022415160201489925384521484375, 1, },
			{ 0.968113243579864501953125, 0.00000000001162693552547722219969728030264377593994140625, 0.25051271915435791015625, 0, -0.000000000001553479567206750289187766611576080322265625, 1, -0.0000000000404090615135910269373198389075696468353271484375, 0, -0.2505128681659698486328125, 0.0000000000387313757455043372601721785031259059906005859375, 0.968113243579864501953125, 0, -0.011767578311264514923095703125, 0, -0.00240158080123364925384521484375, 1, },
			{ 0.9651949405670166015625, 0.00000000001237777935703121556798578239977359771728515625, 0.261531352996826171875, 0, -0.00000000000138238032132420585185172967612743377685546875, 1, -0.000000000042226298846426146837984560988843441009521484375, 0, -0.26153147220611572265625, 0.000000000040395069234033798011296312324702739715576171875, 0.9651949405670166015625, 0, -0.0114093013107776641845703125, 0, -0.00256164534948766231536865234375, 1, },
			{ 0.962438523769378662109375, 0.000000000013075387127192694691757424152456223964691162109375, 0.2714993953704833984375, 0, -0.0000000000012092271628461048749159090220928192138671875, 1, -0.0000000000438733320506923263337739626877009868621826171875, 0, -0.27149951457977294921875, 0.00000000004189708302515526838760706596076488494873046875, 0.962438523769378662109375, 0, -0.011050415225327014923095703125, 0, -0.00272186263464391231536865234375, 1, },
			{ 0.959888637065887451171875, 0.000000000013711808598271257864098515710793435573577880859375, 0.280381143093109130859375, 0, -0.000000000001040112440620077904895879328250885009765625, 1, -0.000000000045343347132575928526421193964779376983642578125, 0, -0.2803812921047210693359375, 0.000000000043232938062853776273186667822301387786865234375, 0.959888637065887451171875, 0, -0.0106921382248401641845703125, 0, -0.00288192741572856903076171875, 1, },
			{ 0.9575870037078857421875, 0.0000000000142796052760019165361882187426090240478515625, 0.288144171237945556640625, 0, -0.0000000000008807537490128358736996005973196588456630706787109375, 1, -0.0000000000466301199042451486320715048350393772125244140625, 0, -0.2881443202495574951171875, 0.0000000000443986063192181035219618934206664562225341796875, 0.9575870037078857421875, 0, -0.010333252139389514923095703125, 0, -0.002788543701171875, 1, },
			{ 0.955570697784423828125, 0.00000000001477218347645248286426067352294921875, 0.294761955738067626953125, 0, -0.0000000000007363553668725264511607520034885965287685394287109375, 1, -0.000000000047728480889741575765583547763526439666748046875, 0, -0.2947620451450347900390625, 0.000000000045390892433605500855264835990965366363525390625, 0.955570697784423828125, 0, -0.0099749751389026641845703125, 0, -0.00269515975378453731536865234375, 1, },
			{ 0.953872203826904296875, 0.000000000015183854173983490909449756145477294921875, 0.3002126514911651611328125, 0, -0.00000000000061146920860011277909507043659687042236328125, 1, -0.00000000004863413838318564330620574764907360076904296875, 0, -0.3002127707004547119140625, 0.000000000046207183912461147201611311174929141998291015625, 0.953872203826904296875, 0, -0.009616089053452014923095703125, 0, -0.00260177603922784328460693359375, 1, },
			{ 0.95251882076263427734375, 0.00000000001550988504295247594200191088020801544189453125, 0.3044794499874114990234375, 0, -0.00000000000050993931299814221347332932054996490478515625, 1, -0.000000000049343716612693100387332378886640071868896484375, 0, -0.3044795691967010498046875, 0.0000000000468455448043858524442839552648365497589111328125, 0.95251882076263427734375, 0, -0.0092578120529651641845703125, 0, -0.0025085448287427425384521484375, 1, },
			{ 0.951532185077667236328125, 0.0000000000157464874472879046152229420840740203857421875, 0.307549178600311279296875, 0, -0.0000000000004348326982771960613760597880173008888959884643554688, 1, -0.000000000049854557981898750540494802407920360565185546875, 0, -0.3075493276119232177734375, 0.00000000004730447977774332457556738518178462982177734375, 0.951532185077667236328125, 0, -0.008898925967514514923095703125, 0, -0.0024151611141860485076904296875, 1, },
			{ 0.95092737674713134765625, 0.0000000000158910662406697156256996095180511474609375, 0.3094138205051422119140625, 0, -0.00000000000038836989180168757229694165289402008056640625, 1, -0.0000000000501650006257126079844965715892612934112548828125, 0, -0.309413969516754150390625, 0.0000000000475831006541138634702292620204389095306396484375, 0.95092737674713134765625, 0, -0.0085406489670276641845703125, 0, -0.0023217773996293544769287109375, 1, },
			{ 0.950714766979217529296875, 0.0000000000159418311884707009085104800760746002197265625, 0.3100667893886566162109375, 0, -0.0000000000003719524417199887578178163494158070534467697143554688, 1, -0.0000000000502737330931868342531743110157549381256103515625, 0, -0.3100669085979461669921875, 0.0000000000476806406857210873795338557101786136627197265625, 0.950714766979217529296875, 0, -0.008181762881577014923095703125, 0, -0.00222839345224201679229736328125, 1, },
			{ 0.950897216796875, 0.00000000001589828269032977914321236312389373779296875, 0.3095068633556365966796875, 0, -0.0000000000003860383963449204314244411762047093361616134643554688, 1, -0.000000000050180491706353080871849670074880123138427734375, 0, -0.30950701236724853515625, 0.000000000047597002728050341602283879183232784271240234375, 0.95089709758758544921875, 0, -0.0078234858810901641845703125, 0, -0.00213500973768532276153564453125, 1, },
			{ 0.9514715671539306640625, 0.00000000001576098973554707072253222577273845672607421875, 0.307736575603485107421875, 0, -0.00000000000043019754425444034495740197598934173583984375, 1, -0.0000000000498857517794437654856665176339447498321533203125, 0, -0.307736694812774658203125, 0.0000000000473324816840925421956853824667632579803466796875, 0.9514715671539306640625, 0, -0.0074645993299782276153564453125, 0, -0.00204162602312862873077392578125, 1, },
			{ 0.952429115772247314453125, 0.0000000000155314372474180117933428846299648284912109375, 0.3047600686550140380859375, 0, -0.000000000000503153074760120944119989871978759765625, 1, -0.000000000049390401490878588219857192598283290863037109375, 0, -0.3047601878643035888671875, 0.000000000046887514704163635315126157365739345550537109375, 0.952429115772247314453125, 0, -0.0071063232608139514923095703125, 0, -0.001948242192156612873077392578125, 1, },
			{ 0.953754484653472900390625, 0.0000000000152123036389895105457981117069721221923828125, 0.300586700439453125, 0, -0.0000000000006026983924954654181505020460463128983974456787109375, 1, -0.0000000000486963282197994118405404151417315006256103515625, 0, -0.300586879253387451171875, 0.00000000004626317384737177462739055044949054718017578125, 0.953754425048828125, 0, -0.0067474362440407276153564453125, 0, -0.001854858361184597015380859375, 1, },
			{ 0.955426037311553955078125, 0.00000000001480734805603400872087149764411151409149169921875, 0.2952303588390350341796875, 0, -0.0000000000007258360037142030929402380934334360063076019287109375, 1, -0.00000000004780627282929827970292535610496997833251953125, 0, -0.2952304780483245849609375, 0.000000000045461072406549618563076364807784557342529296875, 0.955426037311553955078125, 0, -0.0063891601748764514923095703125, 0, -0.00176162715069949626922607421875, 1, },
			{ 0.957417309284210205078125, 0.000000000014321210016488006289137047133408486843109130859375, 0.28870737552642822265625, 0, -0.0000000000008687772181346919975197806707001291215419769287109375, 1, -0.0000000000467235417023204036013339646160602569580078125, 0, -0.2887074947357177734375, 0.000000000044483104699732933795530698262155055999755859375, 0.957417309284210205078125, 0, -0.0060308836400508880615234375, 0, -0.001668243319727480411529541015625, 1, },
			{ 0.959696352481842041015625, 0.000000000013759506554966716151966465986333787441253662109375, 0.281038939952850341796875, 0, -0.00000000000102702568671730887217563576996326446533203125, 1, -0.0000000000454523085835489837336353957653045654296875, 0, -0.2810390293598175048828125, 0.000000000043331775667621030834197881631553173065185546875, 0.959696352481842041015625, 0, -0.0056719970889389514923095703125, 0, -0.001574859605170786380767822265625, 1, },
			{ 0.96222591400146484375, 0.000000000013128775844251094895298592746257781982421875, 0.27225208282470703125, 0, -0.000000000001195432641765137304901145398616790771484375, 1, -0.00000000004399781927677537396448315121233463287353515625, 0, -0.27225220203399658203125, 0.000000000042010374345924361705328919924795627593994140625, 0.96222591400146484375, 0, -0.0053137205541133880615234375, 0, -0.0014814757741987705230712890625, 1, },
			{ 0.9649651050567626953125, 0.00000000001243634362158019257549312897026538848876953125, 0.262377917766571044921875, 0, -0.00000000000136834987785050543607212603092193603515625, 1, -0.00000000004236606898633255013919551856815814971923828125, 0, -0.262378036975860595703125, 0.000000000040522744881865691013445029966533184051513671875, 0.9649651050567626953125, 0, -0.0049548340030014514923095703125, 0, -0.0013880920596420764923095703125, 1, },
			{ 0.9678695201873779296875, 0.0000000000116901766045174326791311614215373992919921875, 0.251452982425689697265625, 0, -0.000000000001539712801701398348086513578891754150390625, 1, -0.00000000004056399660612441948615014553070068359375, 0, -0.2514531314373016357421875, 0.0000000000388734877621033092509605921804904937744140625, 0.967869460582733154296875, 0, -0.0045965574681758880615234375, 0, -0.001294708228670060634613037109375, 1, },
			{ 0.9708912372589111328125, 0.0000000000108989761660183148705982603132724761962890625, 0.23952080309391021728515625, 0, -0.0000000000017031098753506057619233615696430206298828125, 1, -0.0000000000385997310503594093233914463780820369720458984375, 0, -0.23952092230319976806640625, 0.0000000000370682096129115734584047459065914154052734375, 0.9708912372589111328125, 0, -0.0042376709170639514923095703125, 0, -0.00120132439769804477691650390625, 1, },
			{ 0.973981082439422607421875, 0.000000000010071776745945726361242122948169708251953125, 0.226629197597503662109375, 0, -0.00000000000185204607726363601472030495642684400081634521484375, 1, -0.0000000000364821263476589052743292995728552341461181640625, 0, -0.2266292870044708251953125, 0.000000000035113169316591807955774129368364810943603515625, 0.973981082439422607421875, 0, -0.0038793943822383880615234375, 0, -0.00110809318721294403076171875, 1, },
			{ 0.9770891666412353515625, 0.000000000009217820083617933590858228853903710842132568359375, 0.2128303050994873046875, 0, -0.0000000000019799717421165041741915047168731689453125, 1, -0.000000000034220730416034683685211348347365856170654296875, 0, -0.2128303945064544677734375, 0.000000000033015305767047919971446390263736248016357421875, 0.9770891666412353515625, 0, -0.0035205078311264514923095703125, 0, -0.00101470947265625, 1, },
			{ 0.980164587497711181640625, 0.00000000000834676772143438938655890524387359619140625, 0.19818504154682159423828125, 0, -0.00000000000208048855920850428447010926902294158935546875, 1, -0.000000000031826506707854917976874276064336299896240234375, 0, -0.19818516075611114501953125, 0.0000000000307828935952603188752618734724819660186767578125, 0.980164587497711181640625, 0, -0.0031622312963008880615234375, 0, -0.000921325641684234142303466796875, 1, },
			{ 0.98315823078155517578125, 0.0000000000074680261974435779848136007785797119140625, 0.18275640904903411865234375, 0, -0.0000000000021474766409568246672279201447963714599609375, 1, -0.0000000000293106927617969859056756831705570220947265625, 0, -0.182756483554840087890625, 0.00000000002842458213248022502739331685006618499755859375, 0.98315823078155517578125, 0, -0.0028033447451889514923095703125, 0, -0.0008279418689198791980743408203125, 1, },
			{ 0.986022293567657470703125, 0.0000000000065909495743088353236771581578068435192108154296875, 0.1666133403778076171875, 0, -0.000000000002175204460996837951825000345706939697265625, 1, -0.00000000002668544031581010500531192519702017307281494140625, 0, -0.16661341488361358642578125, 0.00000000002595001817595754545209274510852992534637451171875, 0.986022293567657470703125, 0, -0.0024450682103633880615234375, 0, -0.00073455809615552425384521484375, 1, },
			{ 0.98871195316314697265625, 0.0000000000057245454036791709739873112994246184825897216796875, 0.1498286426067352294921875, 0, -0.0000000000021584956044762293458916246891021728515625, 1, -0.00000000002396342325960976182841477566398680210113525390625, 0, -0.14982871711254119873046875, 0.00000000002336951639148043824434353155083954334259033203125, 0.98871195316314697265625, 0, -0.0020861816592514514923095703125, 0, -0.0006411743233911693096160888671875, 1, },
			{ 0.991185665130615234375, 0.0000000000048774040362076220844755880534648895263671875, 0.13247978687286376953125, 0, -0.00000000000209283979035745915098232217133045196533203125, 1, -0.00000000002115797641255579009111897903494536876678466796875, 0, -0.132479846477508544921875, 0.00000000002069422411210553036653436720371246337890625, 0.991185665130615234375, 0, -0.001727905240841209888458251953125, 0, -0.0005477904924191534519195556640625, 1, },
			{ 0.993406593799591064453125, 0.00000000000405740718800728927817544899880886077880859375, 0.11464430391788482666015625, 0, -0.0000000000019744483825689940204028971493244171142578125, 1, -0.0000000000182823166328116570866768597625195980072021484375, 0, -0.11464436352252960205078125, 0.000000000017935410101532767157550551928579807281494140625, 0.993406593799591064453125, 0, -0.0013690185733139514923095703125, 0, -0.0004544067196547985076904296875, 1, },
			{ 0.995342254638671875, 0.00000000000327178562020691288125817663967609405517578125, 0.0964035689830780029296875, 0, -0.000000000001800351426099744411857273007626645267009735107421875, 1, -0.0000000000153501412969436756839058944024145603179931640625, 0, -0.096403621137142181396484375, 0.000000000015105083850386336052906699478626251220703125, 0.995342254638671875, 0, -0.001010742154903709888458251953125, 0, -0.00036117553827352821826934814453125, 1, },
			{ 0.99696600437164306640625, 0.000000000002526923115198087543831206858158111572265625, 0.077838517725467681884765625, 0, -0.000000000001568425836255549210562776352162472903728485107421875, 1, -0.000000000012374949155680159407211249344982206821441650390625, 0, -0.07783855497837066650390625, 0.000000000012215318166697297641576369642280042171478271484375, 0.99696600437164306640625, 0, -0.0006518554291687905788421630859375, 0, -0.0002677917364053428173065185546875, 1, },
			{ 0.99825608730316162109375, 0.00000000000182841242146736249196692369878292083740234375, 0.059032417833805084228515625, 0, -0.000000000001277478014864719124688008378143422305583953857421875, 1, -0.00000000000937045753490739485869198688305914402008056640625, 0, -0.059032447636127471923828125, 0.00000000000927870280609255360104725696146488189697265625, 0.99825608730316162109375, 0, -0.00029357909807004034519195556640625, 0, -0.000174407949089072644710540771484375, 1, },
			{ 0.9991970062255859375, 0.0000000000011808609645669321253080852329730987548828125, 0.0400664806365966796875, 0, -0.0000000000009271750034400838558212853968143463134765625, 1, -0.0000000000063499032421088230648820172064006328582763671875, 0, -0.040066502988338470458984375, 0.000000000006307655786574883904904709197580814361572265625, 0.9991970062255859375, 0, 0.000065307613112963736057281494140625, 0, -0.0000810241690487600862979888916015625, 1, },
			{ 0.999779045581817626953125, 0.00000000000058787696932682820261106826364994049072265625, 0.0210204310715198516845703125, 0, -0.0000000000005180578188657136706751771271228790283203125, 1, -0.00000000000332613602459230772723230984411202371120452880859375, 0, -0.0210204385221004486083984375, 0.0000000000033145118594202216399935423396527767181396484375, 0.999779045581817626953125, 0, 0.00042358398786745965480804443359375, 0, -0.000079498291597701609134674072265625, 1, },
			{ 0.999998033046722412109375, 0.0000000000000522498677082896406664858091062342282384634017944336, 0.00197516591288149356842041015625, 0, -0.00000000000005163924843287759358645416796207427978515625, 1, -0.0000000000003120455283056600137570057995617389678955078125, 0, -0.00197516684420406818389892578125, 0.0000000000003119414448971014053313410840928554534912109375, 0.999998033046722412109375, 0, 0.0007824706844985485076904296875, 0, -0.000077972406870685517787933349609375, 1, },
			{ 0.999855518341064453125, -0.000000000000424271728860503571922890841960906982421875, -0.016994543373584747314453125, 0, 0.000000000000469901895172597505734302103519439697265625, 1, 0.00000000000268060400265834886113225365988910198211669921875, 0, 0.01699455082416534423828125, -0.000000000002688203826206603253012872301042079925537109375, 0.999855518341064453125, 0, 0.001140747102908790111541748046875, 0, -0.0000762939453125, 1, },
			{ 0.999358475208282470703125, -0.00000000000084081352991205449143308214843273162841796875, -0.0358134247362613677978515625, 0, 0.00000000000104348474305737681788741610944271087646484375, 1, 0.00000000000564010123327296497564020683057606220245361328125, 0, 0.035813443362712860107421875, -0.0000000000056738537479450457112761796452105045318603515625, 0.999358475208282470703125, 0, 0.0022454834543168544769287109375, 0, -0.0000747680678614415228366851806640625, 1, },
			{ 0.9985187053680419921875, -0.00000000000119737553205823132884688675403594970703125, -0.0544090569019317626953125, 0, 0.00000000000166533453693773481063544750213623046875, 1, 0.00000000000855531791243979711225620121695101261138916015625, 0, 0.0544090829789638519287109375, -0.000000000008633253834045007124586845748126506805419921875, 0.9985187053680419921875, 0, 0.003350219689309597015380859375, 0, -0.0000732421831344254314899444580078125, 1, },
			{ 0.997352898120880126953125, -0.000000000001494748660783862259648913095588795840740203857421875, -0.0727128088474273681640625, 0, 0.00000000000233099629008692854625905965804122388362884521484375, 1, 0.00000000001141584916874993638202795409597456455230712890625, 0, 0.072712846100330352783203125, -0.000000000011555125779827424281620551482774317264556884765625, 0.997352898120880126953125, 0, 0.00445556640625, 0, -0.000071716305683366954326629638671875, 1, },
			{ 0.9958820343017578125, -0.00000000000173450143137188206310383975505828857421875, -0.09065856039524078369140625, 0, 0.0000000000030354330160520248682587407529354095458984375, 1, 0.00000000001421181401728421889174569514580070972442626953125, 0, 0.090658597648143768310546875, -0.0000000000144284757752632941674164612777531147003173828125, 0.9958820343017578125, 0, 0.0055603026412427425384521484375, 0, -0.0000701904282323084771633148193359375, 1, },
			{ 0.9941308498382568359375, -0.0000000000019189372313377361933817155659198760986328125, -0.10818375647068023681640625, 0, 0.0000000000037730651936129788737162016332149505615234375, 1, 0.00000000001693396985136264021321039763279259204864501953125, 0, 0.108183801174163818359375, -0.000000000017242769712044747620893758721649646759033203125, 0.9941308498382568359375, 0, 0.006665038876235485076904296875, 0, -0.00006851195939816534519195556640625, 1, },
			{ 0.99212825298309326171875, -0.00000000000205092887117785949158133007586002349853515625, -0.12522597610950469970703125, 0, 0.0000000000045377313018235554409329779446125030517578125, 1, 0.00000000001957322325052412992363315424881875514984130859375, 0, 0.12522603571414947509765625, -0.0000000000199873902151370685942310956306755542755126953125, 0.99212825298309326171875, 0, 0.0077703855931758880615234375, 0, -0.0000669860819471068680286407470703125, 1, },
			{ 0.98990535736083984375, -0.0000000000021339874312076290152617730200290679931640625, -0.1417294442653656005859375, 0, 0.0000000000053229920471409286619746126234531402587890625, 1, 0.00000000002212158754788529080315129249356687068939208984375, 0, 0.14172948896884918212890625, -0.00000000002265270089563120592401901376433670520782470703125, 0.98990535736083984375, 0, 0.00887512229382991790771484375, 0, -0.000065460204496048390865325927734375, 1, },
			{ 0.987497150897979736328125, -0.000000000002172040325376656255684792995452880859375, -0.1576363742351531982421875, 0, 0.0000000000061218525908290910564346631872467696666717529296875, 1, 0.000000000024570845358340420716558583080768585205078125, 0, 0.157636463642120361328125, -0.00000000002522866637821863378121634013950824737548828125, 0.987497150897979736328125, 0, 0.009979858063161373138427734375, 0, -0.0000639343270449899137020111083984375, 1, },
			{ 0.9849402904510498046875, -0.0000000000021695700791468652823823504149913787841796875, -0.17289493978023529052734375, 0, 0.0000000000069271532954218173472327180206775665283203125, 1, 0.00000000002691377155861207626230680034495890140533447265625, 0, 0.17289502918720245361328125, -0.00000000002770612732294619462436457979492843151092529296875, 0.984940230846405029296875, 0, 0.011084594763815402984619140625, 0, -0.00006225585821084678173065185546875, 1, },
			{ 0.9822733402252197265625, -0.00000000000213130901816072082510800100862979888916015625, -0.187453806400299072265625, 0, 0.0000000000077313988544602807451155968010425567626953125, 1, 0.00000000002914328500747132011383655481040477752685546875, 0, 0.1874538958072662353515625, -0.00000000003007595561488329849453293718397617340087890625, 0.9822733402252197265625, 0, 0.01218933053314685821533203125, 0, -0.0000607299807597883045673370361328125, 1, },
			{ 0.9795367717742919921875, -0.0000000000020623780461193064184044487774372100830078125, -0.2012650668621063232421875, 0, 0.00000000000852699855169447573643992654979228973388671875, 1, 0.000000000031252882226606715221350896172225475311279296875, 0, 0.20126517117023468017578125, -0.000000000032329534882524768590883468277752399444580078125, 0.9795367717742919921875, 0, 0.013294677250087261199951171875, 0, -0.00005920409967075102031230926513671875, 1, },
			{ 0.976772308349609375, -0.00000000000196809213891258050210808505653403699398040771484375, -0.21427960693836212158203125, 0, 0.0000000000093060281702861402663984335958957672119140625, 1, 0.000000000033235893204253130761571810580790042877197265625, 0, 0.21427969634532928466796875, -0.0000000000344579920152909835451282560825347900390625, 0.976772308349609375, 0, 0.014399413950741291046142578125, 0, -0.00005767822221969254314899444580078125, 1, },
			{ 0.974021852016448974609375, -0.000000000001853905917670317649026401340961456298828125, -0.2264539897441864013671875, 0, 0.0000000000100607577824263216825784184038639068603515625, 1, 0.000000000035086565597364227642174228094518184661865234375, 0, 0.22645409405231475830078125, -0.0000000000364533785102150176271607051603496074676513671875, 0.974021852016448974609375, 0, 0.014010009355843067169189453125, 0, -0.0000561523411306552588939666748046875, 1, },
			{ 0.971327841281890869140625, -0.0000000000017253698469943401505588553845882415771484375, -0.23774397373199462890625, 0, 0.00000000001078330480464018137354287318885326385498046875, 1, 0.000000000036799029101697300347950658760964870452880859375, 0, 0.2377440929412841796875, -0.0000000000383075828003232032870073453523218631744384765625, 0.971327841281890869140625, 0, 0.013621215708553791046142578125, 0, -0.00005447387593449093401432037353515625, 1, },
			{ 0.968731939792633056640625, -0.000000000001588007503272592657594941556453704833984375, -0.2481095492839813232421875, 0, 0.000000000011466021708483875585216082981787621974945068359375, 1, 0.000000000038368051791248802828704356215894222259521484375, 0, 0.2481096684932708740234375, -0.0000000000400131872080322636975324712693691253662109375, 0.968731939792633056640625, 0, 0.013231811113655567169189453125, 0, -0.00005294799848343245685100555419921875, 1, },
			{ 0.96627557277679443359375, -0.0000000000014473144904769696950097568333148956298828125, -0.2575100958347320556640625, 0, 0.00000000001210133382389955158942029811441898345947265625, 1, 0.000000000039788318473288342147498042322695255279541015625, 0, 0.257510244846343994140625, -0.000000000041562690789032075144859845750033855438232421875, 0.96627557277679443359375, 0, 0.012842406518757343292236328125, 0, -0.000051422117394395172595977783203125, 1, },
			{ 0.96399772167205810546875, -0.0000000000013085088568232094985432922840118408203125, -0.2659102976322174072265625, 0, 0.00000000001268211924365658660462941043078899383544921875, 1, 0.0000000000410552598861801953944450360722839832305908203125, 0, 0.2659104168415069580078125, -0.000000000042949477307985262086731381714344024658203125, 0.963997662067413330078125, 0, 0.012453612871468067169189453125, 0, -0.0000498962399433366954326629638671875, 1, },
			{ 0.96193540096282958984375, -0.0000000000011765310947708940148004330694675445556640625, -0.2732765674591064453125, 0, 0.00000000001320164810802992860772064886987209320068359375, 1, 0.00000000004216456350736308422710862942039966583251953125, 0, 0.27327668666839599609375, -0.000000000044167280943696596295922063291072845458984375, 0.96193540096282958984375, 0, 0.012064208276569843292236328125, 0, -0.00004837035885429941117763519287109375, 1, },
			{ 0.960122883319854736328125, -0.00000000000105600250766002545788069255650043487548828125, -0.279578387737274169921875, 0, 0.000000000013653743934083362177034359774552285671234130859375, 1, 0.00000000004311229151454654129338450729846954345703125, 0, 0.279578506946563720703125, -0.0000000000452103805781423062626345199532806873321533203125, 0.9601228237152099609375, 0, 0.01167480461299419403076171875, 0, -0.0000466918936581350862979888916015625, 1, },
			{ 0.95859086513519287109375, -0.00000000000095103092068171690698363818228244781494140625, -0.284786641597747802734375, 0, 0.000000000014032732441326967176564721739850938320159912109375, 1, 0.0000000000438946691494468410610352293588221073150634765625, 0, 0.284786760807037353515625, -0.000000000046073360404630392395119997672736644744873046875, 0.95859086513519287109375, 0, 0.011286010034382343292236328125, 0, -0.000045166016207076609134674072265625, 1, },
			{ 0.95736515522003173828125, -0.0000000000008651135363635376052116043865680694580078125, -0.2888804972171783447265625, 0, 0.000000000014334060847998042476092450669966638088226318359375, 1, 0.00000000004450907697961525855134823359549045562744140625, 0, 0.288880646228790283203125, -0.0000000000467522652536356275732032372616231441497802734375, 0.95736515522003173828125, 0, 0.01089660637080669403076171875, 0, -0.00004364013511803932487964630126953125, 1, },
			{ 0.95646679401397705078125, -0.00000000000080109530120608951619942672550678253173828125, -0.2918408811092376708984375, 0, 0.0000000000145538303630843302016728557646274566650390625, 1, 0.000000000044953062106056762559092021547257900238037109375, 0, 0.2918410003185272216796875, -0.00000000004724350077811578785258461721241474151611328125, 0.95646679401397705078125, 0, 0.01050781272351741790771484375, 0, -0.00004211425766698084771633148193359375, 1, },
			{ 0.955911815166473388671875, -0.00000000000076112727231958388074417598545551300048828125, -0.2936538755893707275390625, 0, 0.000000000014689194305361752412864007055759429931640625, 1, 0.00000000004522483776359109697295934893190860748291015625, 0, 0.293654024600982666015625, -0.000000000047544489178985571697921841405332088470458984375, 0.955911815166473388671875, 0, 0.01011840812861919403076171875, 0, -0.00004043578883283771574497222900390625, 1, },
			{ 0.95570981502532958984375, -0.0000000000007465000297600388190488729378557763993740081787109375, -0.294310629367828369140625, 0, 0.000000000014738377185352646847604773938655853271484375, 1, 0.00000000004532325903472411710026790387928485870361328125, 0, 0.294310748577117919921875, -0.0000000000476535304272385218382623861543834209442138671875, 0.95570981502532958984375, 0, 0.00972900353372097015380859375, 0, -0.00003890991138177923858165740966796875, 1, },
			{ 0.955864608287811279296875, -0.0000000000007576994587310537099256180226802825927734375, -0.293807506561279296875, 0, 0.00000000001470069899145443059751414693892002105712890625, 1, 0.000000000045247861013564261156716383993625640869140625, 0, 0.29380762577056884765625, -0.0000000000475699930835293827158238855190575122833251953125, 0.955864489078521728515625, 0, 0.00934020988643169403076171875, 0, -0.00003738403393072076141834259033203125, 1, },
			{ 0.95637309551239013671875, -0.0000000000007943645199091908803978867581463418900966644287109375, -0.2921479642391204833984375, 0, 0.00000000001457671483517941624086233787238597869873046875, 1, 0.00000000004499910166710918701937771402299404144287109375, 0, 0.292148053646087646484375, -0.0000000000472944773621808423058610060252249240875244140625, 0.95637309551239013671875, 0, 0.00895080529153347015380859375, 0, -0.0000358581528416834771633148193359375, 1, },
			{ 0.95722675323486328125, -0.00000000000085530194038341278428561054170131683349609375, -0.28933870792388916015625, 0, 0.00000000001436796515097427118234918452799320220947265625, 1, 0.0000000000445778136626273635556572116911411285400390625, 0, 0.2893388271331787109375, -0.0000000000468282808363529312600803677923977375030517578125, 0.95722675323486328125, 0, 0.008561401627957820892333984375, 0, -0.000034332275390625, 1, },
			{ 0.95841085910797119140625, -0.000000000000938527033866876081447117030620574951171875, -0.285391986370086669921875, 0, 0.00000000001407711447409809579767170362174510955810546875, 1, 0.0000000000439855547818002179383256589062511920928955078125, 0, 0.28539216518402099609375, -0.000000000046173724566056506546374293975532054901123046875, 0.95841085910797119140625, 0, 0.00817260704934597015380859375, 0, -0.0000326538065564818680286407470703125, 1, },
