function data()
return { 
		times = { 0, 41.667000000000001591615728102624416351318359375, 83.332999999999998408384271897375583648681640625, 125, 166.667000000000001591615728102624416351318359375, 208.332999999999998408384271897375583648681640625, 250, 291.66699999999997316990629769861698150634765625, 333.33300000000002683009370230138301849365234375, 375, 416.66699999999997316990629769861698150634765625, 458.33300000000002683009370230138301849365234375, 500, 541.6670000000000300133251585066318511962890625, 583.3329999999999699866748414933681488037109375, 625, 666.6670000000000300133251585066318511962890625, 708.3329999999999699866748414933681488037109375, 750, 791.6670000000000300133251585066318511962890625, 833.3329999999999699866748414933681488037109375, 875, 916.6670000000000300133251585066318511962890625, 958.3329999999999699866748414933681488037109375, 1000, 1041.66699999999991632648743689060211181640625, 1083.33300000000008367351256310939788818359375, 1125, 1166.66699999999991632648743689060211181640625, 1208.33300000000008367351256310939788818359375, 1250, 1291.66699999999991632648743689060211181640625, 1333.33300000000008367351256310939788818359375, 1375, 1416.66699999999991632648743689060211181640625, 1458.33300000000008367351256310939788818359375, 1500, 1541.66699999999991632648743689060211181640625, 1583.33300000000008367351256310939788818359375, 1625, 1666.66699999999991632648743689060211181640625, 1708.33300000000008367351256310939788818359375, 1750, 1791.66699999999991632648743689060211181640625, 1875, 1916.66699999999991632648743689060211181640625, 1958.33300000000008367351256310939788818359375, 2000, 2041.66699999999991632648743689060211181640625, 2083.33300000000008367351256310939788818359375, 2125, 2166.66699999999991632648743689060211181640625, 2208.33300000000008367351256310939788818359375, 2250, 2291.66699999999991632648743689060211181640625, 2333.33300000000008367351256310939788818359375, 2375, 2416.66699999999991632648743689060211181640625, 2458.33300000000008367351256310939788818359375, 2500, 2541.66699999999991632648743689060211181640625, 2583.33300000000008367351256310939788818359375, 2625, 2666.66699999999991632648743689060211181640625, 2708.33300000000008367351256310939788818359375, 2750, 2791.66699999999991632648743689060211181640625, 2833.33300000000008367351256310939788818359375, 2875, 2916.66699999999991632648743689060211181640625, 2958.33300000000008367351256310939788818359375, 3000, 3041.66699999999991632648743689060211181640625, 3083.33300000000008367351256310939788818359375, 3125, 3166.66699999999991632648743689060211181640625, 3208.33300000000008367351256310939788818359375, 3250, 3291.66699999999991632648743689060211181640625, 3333.33300000000008367351256310939788818359375, 3375, 3416.66699999999991632648743689060211181640625, 3458.33300000000008367351256310939788818359375, 3500, 3541.66699999999991632648743689060211181640625, 3583.33300000000008367351256310939788818359375, 3625, 3666.66699999999991632648743689060211181640625, 3708.33300000000008367351256310939788818359375, 3750, 3791.66699999999991632648743689060211181640625, 3833.33300000000008367351256310939788818359375, 3875, 3916.66699999999991632648743689060211181640625, 3958.33300000000008367351256310939788818359375, 4000, 4041.66699999999991632648743689060211181640625, 4083.33300000000008367351256310939788818359375, 4125, 4166.6670000000003710738383233547210693359375, },
		transfs = {
			{ 1, 0.000000000000003552713678800500929355621337890625, -0.000000000000000000000013234889800848442797942539073119405657053, 0, -0.000000000000003552713678800500929355621337890625, 1, 0, 0, 0.000000000000000000000026469779601696885595885078146238811314106, 0, 1, 0, 0, 0, 0, 1, },
			{ 0.99999487400054931640625, -0.000000000011471712468846817500889301300048828125, -0.00320468214340507984161376953125, 0, 0.000000000011031175972675555385649204254150390625, 1, -0.000000000135995659178433925262652337551116943359375, 0, 0.00320468307472765445709228515625, 0.00000000013595968795243607019074261188507080078125, 0.99999487400054931640625, 0, 0, 0, 0, 1, },
			{ 0.999976217746734619140625, -0.00000000002523137081211768162347652832977473735809326171875, -0.006898701190948486328125, 0, 0.00000000002321342944255899709560253540985286235809326171875, 1, -0.0000000002928020048642565598129294812679290771484375, 0, 0.00689870305359363555908203125, 0.0000000002926352493659578613005578517913818359375, 0.999976217746734619140625, 0, 0, 0, 0, 1, },
			{ 0.999938786029815673828125, -0.00000000004146016863160184584558010101318359375, -0.011066402308642864227294921875, 0, 0.00000000003625899580583791248500347137451171875, 1, -0.000000000469773109301740987575612962245941162109375, 0, 0.01106640510261058807373046875, 0.000000000469343230946606126963160932064056396484375, 0.999938786029815673828125, 0, 0, 0, 0, 1, },
			{ 0.99987685680389404296875, -0.00000000006031797283867490477859973907470703125, -0.0156898014247417449951171875, 0, 0.0000000000498729911535544800926800235174596309661865234375, 1, -0.0000000006661655671535982037312351167201995849609375, 0, 0.01568980701267719268798828125, 0.000000000665301147506625056848861277103424072265625, 0.99987685680389404296875, 0, 0, 0, 0, 1, },
			{ 0.999784648418426513671875, -0.000000000082007289847751962952315807342529296875, -0.02075112052261829376220703125, 0, 0.000000000063732130684002186171710491180419921875, 1, -0.0000000008812459650897608298691920936107635498046875, 0, 0.02075112424790859222412109375, 0.000000000879734063374826291692443192005157470703125, 0.999784648418426513671875, 0, 0, 0, 0, 1, },
			{ 0.9996559619903564453125, -0.000000000106705755342773045413196086883544921875, -0.0262288637459278106689453125, 0, 0.000000000077505994677817824367593857459723949432373046875, 1, -0.00000000111412390424447949044406414031982421875, 0, 0.02622886933386325836181640625, 0.00000000111170805894289514981210231781005859375, 0.9996559619903564453125, 0, 0, 0, 0, 1, },
			{ 0.99948465824127197265625, -0.000000000134594557721356977708637714385986328125, -0.0321007631719112396240234375, 0, 0.000000000090860652335322811268270015716552734375, 1, -0.0000000013638759011058709802455268800258636474609375, 0, 0.0321007706224918365478515625, 0.00000000136025679609019789495505392551422119140625, 0.99948465824127197265625, 0, 0, 0, 0, 1, },
			{ 0.99926459789276123046875, -0.00000000016584776607597717656972236000001430511474609375, -0.0383420102298259735107421875, 0, 0.000000000103444357246740281652819248847663402557373046875, 1, -0.0000000016294705584840585288475267589092254638671875, 0, 0.038342021405696868896484375, 0.000000001624306467107317075715400278568267822265625, 0.99926459789276123046875, 0, 0, 0, 0, 1, },
			{ 0.998990237712860107421875, -0.00000000020062174144186428748071193695068359375, -0.0449280105531215667724609375, 0, 0.000000000114926734795517404563724994659423828125, 1, -0.0000000019098844727949426669511012732982635498046875, 0, 0.0449280180037021636962890625, 0.000000001902793034247451942064799368381500244140625, 0.998990237712860107421875, 0, 0, 0, 0, 1, },
			{ 0.998655796051025390625, -0.000000000239051445305449306033551692962646484375, -0.0518307499587535858154296875, 0, 0.00000000012498090062873501437934464775025844573974609375, 1, -0.0000000022039488012381980297504924237728118896484375, 0, 0.051830761134624481201171875, 0.00000000219450857485981032368727028369903564453125, 0.998655796051025390625, 0, 0, 0, 0, 1, },
			{ 0.998256623744964599609375, -0.000000000281243472954884055070579051971435546875, -0.059022299945354461669921875, 0, 0.00000000013329781722859479486942291259765625, 1, -0.0000000025104951451027091025025583803653717041015625, 0, 0.0590223185718059539794921875, 0.0000000024982511614979330261121504008769989013671875, 0.998256623744964599609375, 0, 0, 0, 0, 1, },
			{ 0.99778807163238525390625, -0.0000000003272901949458173476159572601318359375, -0.066473953425884246826171875, 0, 0.00000000013958612044007168151438236236572265625, 1, -0.000000002828321132852806840674020349979400634765625, 0, 0.066473968327045440673828125, 0.000000002812786448203041800297796726226806640625, 0.99778807163238525390625, 0, 0, 0, 0, 1, },
			{ 0.997246682643890380859375, -0.0000000003772377688004979745528544299304485321044921875, -0.074155040085315704345703125, 0, 0.000000000143590028756079846061766147613525390625, 1, -0.00000000315613846169071621261537075042724609375, 0, 0.074155054986476898193359375, 0.0000000031368008190924001610255800187587738037109375, 0.997246682643890380859375, 0, 0, 0, 0, 1, },
			{ 0.996629416942596435546875, -0.0000000004311004608847923691428150050342082977294921875, -0.082034669816493988037109375, 0, 0.00000000014507151036013965494930744171142578125, 1, -0.0000000034926461722761814598925411701202392578125, 0, 0.082034684717655181884765625, 0.000000003468973996945123872137628495693206787109375, 0.996629416942596435546875, 0, 0, 0, 0, 1, },
			{ 0.99593448638916015625, -0.00000000048884629677559132687747478485107421875, -0.090080209076404571533203125, 0, 0.00000000014383516599991708062589168548583984375, 1, -0.000000003836466699880247688270173966884613037109375, 0, 0.09008021652698516845703125, 0.00000000380791309595451821223832666873931884765625, 0.99593448638916015625, 0, 0, 0, 0, 1, },
			{ 0.995160758495330810546875, -0.000000000550404166688167606480419635772705078125, -0.098260186612606048583984375, 0, 0.000000000139731781700902502052485942840576171875, 1, -0.000000004186268665051784410024993121623992919921875, 0, 0.098260223865509033203125, 0.000000004152280741465119717759080231189727783203125, 0.995160758495330810546875, 0, 0, 0, 0, 1, },
			{ 0.994308292865753173828125, -0.000000000615653250601866375291137956082820892333984375, -0.106540977954864501953125, 0, 0.000000000132640565198016702197492122650146484375, 1, -0.000000004540623876891913823783397674560546875, 0, 0.106541000306606292724609375, 0.0000000045006487425780505873262882232666015625, 0.994308292865753173828125, 0, 0, 0, 0, 1, },
			{ 0.993378162384033203125, -0.000000000684437340137122873784392140805721282958984375, -0.114890046417713165283203125, 0, 0.00000000012249756764504127204418182373046875, 1, -0.0000000048981494416011628345586359500885009765625, 0, 0.11489008367061614990234375, 0.00000000485164175501040517701767385005950927734375, 0.993378162384033203125, 0, 0, 0, 0, 1, },
			{ 0.9923727512359619140625, -0.0000000007565432724732090719044208526611328125, -0.123273372650146484375, 0, 0.000000000109274360393651903677891823463141918182373046875, 1, -0.0000000052573927433741118875332176685333251953125, 0, 0.123273395001888275146484375, 0.00000000520382315016831853426992893218994140625, 0.9923727512359619140625, 0, 0, 0, 0, 1, },
			{ 0.991295278072357177734375, -0.00000000083169737763455486856400966644287109375, -0.13165690004825592041015625, 0, 0.000000000092999379031066808920513722114264965057373046875, 1, -0.000000005616896725513242927263490855693817138671875, 0, 0.13165692985057830810546875, 0.00000000555576118443923405720852315425872802734375, 0.991295278072357177734375, 0, 0, 0, 0, 1, },
			{ 0.990150392055511474609375, -0.000000000909608333099498622686951421201229095458984375, -0.14000786840915679931640625, 0, 0.00000000007374723054454079829156398773193359375, 1, -0.0000000059752576220262199058197438716888427734375, 0, 0.14000789821147918701171875, 0.000000005906079625361826401785947382450103759765625, 0.990150392055511474609375, 0, 0, 0, 0, 1, },
			{ 0.988943397998809814453125, -0.000000000989917481319935177452862262725830078125, -0.14829353988170623779296875, 0, 0.0000000000516280317108819275517817004583775997161865234375, 1, -0.0000000063310654496717688743956387042999267578125, 0, 0.148293554782867431640625, 0.0000000062534102340805475250817835330963134765625, 0.988943397998809814453125, 0, 0, 0, 0, 1, },
			{ 0.987681090831756591796875, -0.000000001072226751830385182984173297882080078125, -0.15647970139980316162109375, 0, 0.000000000026819435561264981515705585479736328125, 1, -0.00000000668284538818397777504287660121917724609375, 0, 0.15647973120212554931640625, 0.00000000659632437560730977565981447696685791015625, 0.987681090831756591796875, 0, 0, 0, 0, 1, },
			{ 0.98637139797210693359375, -0.00000000115608134176881094390409998595714569091796875, -0.164534151554107666015625, 0, -0.0000000000004689582056016661226749420166015625, 1, -0.00000000702920299744391741114668548107147216796875, 0, 0.16453419625759124755859375, 0.00000000693348312097441521473228931427001953125, 0.98637139797210693359375, 0, 0, 0, 0, 1, },
			{ 0.98502242565155029296875, -0.000000001241037494992269785143435001373291015625, -0.17242641746997833251953125, 0, -0.00000000002999200887643382884562015533447265625, 1, -0.0000000073688166679630739963613450527191162109375, 0, 0.17242644727230072021484375, 0.00000000726362170411221086396835744380950927734375, 0.98502242565155029296875, 0, 0, 0, 0, 1, },
			{ 0.983643829822540283203125, -0.000000001326565524095713044516742229461669921875, -0.1801244914531707763671875, 0, -0.000000000061451288502212264575064182281494140625, 1, -0.00000000770029373597935773432254791259765625, 0, 0.1801245212554931640625, 0.00000000758541762735376323689706623554229736328125, 0.983643829822540283203125, 0, 0, 0, 0, 1, },
			{ 0.982245981693267822265625, -0.000000001412121974908586707897484302520751953125, -0.18759763240814208984375, 0, -0.000000000094519940485593423318277928046882152557373046875, 1, -0.0000000080222957166142805363051593303680419921875, 0, 0.187597692012786865234375, 0.00000000789760168373732085456140339374542236328125, 0.982245981693267822265625, 0, 0, 0, 0, 1, },
			{ 0.9808394908905029296875, -0.0000000014971561768106766976416110992431640625, -0.19481761753559112548828125, 0, -0.00000000012884271427537896670401096343994140625, 1, -0.0000000083335862655076198279857635498046875, 0, 0.19481764733791351318359375, 0.0000000081990112477114962530322372913360595703125, 0.9808394908905029296875, 0, 0, 0, 0, 1, },
			{ 0.97943580150604248046875, -0.0000000015810854847586597315967082977294921875, -0.201756000518798828125, 0, -0.0000000001640358959775767289102077484130859375, 1, -0.0000000086329183801581166335381567478179931640625, 0, 0.201756060123443603515625, 0.00000000848848547008174136863090097904205322265625, 0.97943580150604248046875, 0, 0, 0, 0, 1, },
			{ 0.9780466556549072265625, -0.00000000166330937911851606259006075561046600341796875, -0.20838610827922821044921875, 0, -0.00000000019969802200758834942462272010743618011474609375, 1, -0.0000000089191178886949273874051868915557861328125, 0, 0.2083861529827117919921875, 0.0000000087649283386781462468206882476806640625, 0.9780466556549072265625, 0, 0, 0, 0, 1, },
			{ 0.9766838550567626953125, -0.000000001743241995200150995515286922454833984375, -0.214682281017303466796875, 0, -0.000000000235406361070999992080032825469970703125, 1, -0.0000000091910568045250329305417835712432861328125, 0, 0.21468235552310943603515625, 0.00000000902729713203598294057883322238922119140625, 0.9766838550567626953125, 0, 0, 0, 0, 1, },
			{ 0.97535979747772216796875, -0.00000000182027548589758225716650485992431640625, -0.220619976520538330078125, 0, -0.00000000027073809860667097382247447967529296875, 1, -0.00000000944764888544114000978879630565643310546875, 0, 0.22062002122402191162109375, 0.00000000927458909671941000851802527904510498046875, 0.97535979747772216796875, 0, 0, 0, 0, 1, },
			{ 0.974086105823516845703125, -0.000000001893841528044504229910671710968017578125, -0.226177394390106201171875, 0, -0.000000000305266922850933042354881763458251953125, 1, -0.00000000968792779332261488889344036579132080078125, 0, 0.22617743909358978271484375, 0.000000009505921383379245526157319545745849609375, 0.974086105823516845703125, 0, 0, 0, 0, 1, },
			{ 0.972874462604522705078125, -0.0000000019633574765975936315953731536865234375, -0.2313334941864013671875, 0, -0.000000000338570060876008938066661357879638671875, 1, -0.00000000991096182900719213648699223995208740234375, 0, 0.23133356869220733642578125, 0.00000000972044489344625617377460002899169921875, 0.972874462604522705078125, 0, 0, 0, 0, 1, },
			{ 0.971736371517181396484375, -0.0000000020282726609366363845765590667724609375, -0.23606832325458526611328125, 0, -0.00000000037022829246780020184814929962158203125, 1, -0.00000001011586103771833222708664834499359130859375, 0, 0.23606838285923004150390625, 0.0000000099173522727369345375336706638336181640625, 0.971736371517181396484375, 0, 0, 0, 0, 1, },
			{ 0.970682680606842041015625, -0.0000000020880681628199226906872354447841644287109375, -0.24036432802677154541015625, 0, -0.000000000399854371835317579098045825958251953125, 1, -0.0000000103018447106251187506131827831268310546875, 0, 0.24036438763141632080078125, 0.000000010095934754872359917499125003814697265625, 0.970682680606842041015625, 0, 0, 0, 0, 1, },
			{ 0.969723224639892578125, -0.000000002142275690175665658898651599884033203125, -0.24420656263828277587890625, 0, -0.00000000042707171132860821671783924102783203125, 1, -0.000000010468244937555937212891876697540283203125, 0, 0.244206607341766357421875, 0.00000001025559459577607412938959896564483642578125, 0.969723224639892578125, 0, 0, 0, 0, 1, },
			{ 0.96886742115020751953125, -0.000000002190432724091806448996067047119140625, -0.24757993221282958984375, 0, -0.000000000451535697720828466117382049560546875, 1, -0.0000000106143840383765564183704555034637451171875, 0, 0.24757997691631317138671875, 0.0000000103957251695874219876714050769805908203125, 0.96886742115020751953125, 0, 0, 0, 0, 1, },
			{ 0.96812343597412109375, -0.00000000223216289896299713291227817535400390625, -0.250473499298095703125, 0, -0.00000000047294435034928028471767902374267578125, 1, -0.00000001073977262677772159804590046405792236328125, 0, 0.250473558902740478515625, 0.00000001051588949252391103073023259639739990234375, 0.96812343597412109375, 0, 0, 0, 0, 1, },
			{ 0.96749866008758544921875, -0.000000002267110943421357660554349422454833984375, -0.2528758943080902099609375, 0, -0.000000000491017004833338432945311069488525390625, 1, -0.0000000108439053292386233806610107421875, 0, 0.2528759539127349853515625, 0.00000001061563192905623509432189166545867919921875, 0.96749866008758544921875, 0, 0, 0, 0, 1, },
			{ 0.9669988155364990234375, -0.0000000022950066291826942688203416764736175537109375, -0.2547806799411773681640625, 0, -0.000000000505536945638596080243587493896484375, 1, -0.0000000109264828296318228240124881267547607421875, 0, 0.2547807395458221435546875, 0.00000001069469934833477964275516569614410400390625, 0.9669988155364990234375, 0, 0, 0, 0, 1, },
			{ 0.966629207134246826171875, -0.000000002315601932423305697739124298095703125, -0.256179273128509521484375, 0, -0.000000000516305220799040398560464382171630859375, 1, -0.0000000109871240994152685743756592273712158203125, 0, 0.256179332733154296875, 0.0000000107527426962406025268137454986572265625, 0.966629207134246826171875, 0, 0, 0, 0, 1, },
			{ 0.96639311313629150390625, -0.000000002328743420321188750676810741424560546875, -0.257068812847137451171875, 0, -0.000000000523204590763270971365272998809814453125, 1, -0.0000000110256959118260056129656732082366943359375, 0, 0.2570688724517822265625, 0.00000001078965805589859883184544742107391357421875, 0.96639311313629150390625, 0, 0, 0, 0, 1, },
			{ 0.966328561305999755859375, -0.00000000233233521385045605711638927459716796875, -0.2573113143444061279296875, 0, -0.000000000525091081726714037358760833740234375, 1, -0.00000001103621283249367479584179818630218505859375, 0, 0.2573113739490509033203125, 0.00000001079972111739380125072784721851348876953125, 0.966328561305999755859375, 0, 0, 0, 0, 1, },
			{ 0.96650040149688720703125, -0.00000000232277130862712510861456394195556640625, -0.2566648423671722412109375, 0, -0.00000000052006754458489012904465198516845703125, 1, -0.000000011008179257032679743133485317230224609375, 0, 0.2566649019718170166015625, 0.00000001077289457640517866821028292179107666015625, 0.96650040149688720703125, 0, 0, 0, 0, 1, },
			{ 0.9668061733245849609375, -0.000000002305750257391991908662021160125732421875, -0.2555108964443206787109375, 0, -0.000000000511146680537422071211040019989013671875, 1, -0.00000001095814194940203378791920840740203857421875, 0, 0.2555109560489654541015625, 0.00000001072500577237178731593303382396697998046875, 0.9668061733245849609375, 0, 0, 0, 0, 1, },
			{ 0.9672424793243408203125, -0.000000002281414168692208477295935153961181640625, -0.2538538873195648193359375, 0, -0.000000000498449281849389080889523029327392578125, 1, -0.00000001088630341428142855875194072723388671875, 0, 0.253853976726531982421875, 0.00000001065622967644230811856687068939208984375, 0.9672424793243408203125, 0, 0, 0, 0, 1, },
			{ 0.967805087566375732421875, -0.000000002249979758062181645072996616363525390625, -0.251700818538665771484375, 0, -0.000000000482142326063694781623780727386474609375, 1, -0.000000010792970073225660598836839199066162109375, 0, 0.251700878143310546875, 0.000000010566846952997366315685212612152099609375, 0.967805087566375732421875, 0, 0, 0, 0, 1, },
			{ 0.968487918376922607421875, -0.0000000022117347953098942525684833526611328125, -0.24906040728092193603515625, 0, -0.0000000004624425009591703883415902964770793914794921875, 1, -0.0000000106785353892746570636518299579620361328125, 0, 0.249060451984405517578125, 0.000000010457210208869582857005298137664794921875, 0.968487918376922607421875, 0, 0, 0, 0, 1, },
			{ 0.96928441524505615234375, -0.000000002166988366525401943363249301910400390625, -0.24594251811504364013671875, 0, -0.000000000439595027046379982493817806243896484375, 1, -0.0000000105434434516382680158130824565887451171875, 0, 0.245942592620849609375, 0.00000001032771290709888489800505340099334716796875, 0.96928441524505615234375, 0, 0, 0, 0, 1, },
			{ 0.9701864719390869140625, -0.0000000021161274954550890470272861421108245849609375, -0.24235935509204864501953125, 0, -0.000000000413901801721294759772717952728271484375, 1, -0.0000000103882396018661893322132527828216552734375, 0, 0.2423594295978546142578125, 0.00000001017884354581610750756226480007171630859375, 0.9701864719390869140625, 0, 0, 0, 0, 1, },
			{ 0.971185505390167236328125, -0.00000000205957206844686879776418209075927734375, -0.2383247911930084228515625, 0, -0.00000000038568259697058238089084625244140625, 1, -0.00000001021353934760327319963835179805755615234375, 0, 0.23832483589649200439453125, 0.00000001001116078924724206444807350635528564453125, 0.971185505390167236328125, 0, 0, 0, 0, 1, },
			{ 0.972271621227264404296875, -0.000000001997790377572528086602687835693359375, -0.23385448753833770751953125, 0, -0.000000000355296236875801696442067623138427734375, 1, -0.0000000100200470143363418173976242542266845703125, 0, 0.2338545322418212890625, 0.00000000982529702042711505782790482044219970703125, 0.972271621227264404296875, 0, 0, 0, 0, 1, },
			{ 0.973434746265411376953125, -0.00000000193126226122330990619957447052001953125, -0.22896428406238555908203125, 0, -0.000000000323115756373226759023964405059814453125, 1, -0.0000000098084651511953779845498502254486083984375, 0, 0.228964328765869140625, 0.0000000096218855105689726769924163818359375, 0.973434746265411376953125, 0, 0, 0, 0, 1, },
			{ 0.9746644496917724609375, -0.0000000018604993101689615286886692047119140625, -0.22367189824581146240234375, 0, -0.00000000028952484854016802273690700531005859375, 1, -0.00000000957958601333075421280227601528167724609375, 0, 0.223671972751617431640625, 0.00000000940164301965751292300410568714141845703125, 0.9746644496917724609375, 0, 0, 0, 0, 1, },
			{ 0.9759490489959716796875, -0.00000000178606995859809103421866893768310546875, -0.2179987728595733642578125, 0, -0.00000000025494273359072394669055938720703125, 1, -0.0000000093343590634731299360282719135284423828125, 0, 0.21799881756305694580078125, 0.00000000916543729800878281821496784687042236328125, 0.9759490489959716796875, 0, 0, 0, 0, 1, },
			{ 0.977277278900146484375, -0.00000000170852476610861003791796974837779998779296875, -0.2119647562503814697265625, 0, -0.000000000219774420884277787990868091583251953125, 1, -0.00000000907366626279326737858355045318603515625, 0, 0.21196483075618743896484375, 0.00000000891407392344945037621073424816131591796875, 0.977277278900146484375, 0, 0, 0, 0, 1, },
			{ 0.978637874126434326171875, -0.00000000162841107265165874196100048720836639404296875, -0.20559166371822357177734375, 0, -0.000000000184424919780212803743779659271240234375, 1, -0.0000000087984712848765411763451993465423583984375, 0, 0.20559172332286834716796875, 0.00000000864843396897185812122188508510589599609375, 0.978637874126434326171875, 0, 0, 0, 0, 1, },
			{ 0.980018913745880126953125, -0.00000000154632917581665196848916821181774139404296875, -0.19890435039997100830078125, 0, -0.000000000149309897778948652558028697967529296875, 1, -0.0000000085098719182497006841003894805908203125, 0, 0.19890439510345458984375, 0.00000000836953528704498239676468074321746826171875, 0.980018913745880126953125, 0, 0, 0, 0, 1, },
			{ 0.98140919208526611328125, -0.00000000146283329893748259564745239913463592529296875, -0.1919269859790802001953125, 0, -0.000000000114820153385153389535844326019287109375, 1, -0.0000000082089339770163860521279275417327880859375, 0, 0.19192706048488616943359375, 0.00000000807836197935785094159655272960662841796875, 0.98140919208526611328125, 0, 0, 0, 0, 1, },
			{ 0.982797682285308837890625, -0.00000000137848121806172230208176188170909881591796875, -0.18468521535396575927734375, 0, -0.00000000008133582696245866827666759490966796875, 1, -0.0000000078967818950559376389719545841217041015625, 0, 0.184685230255126953125, 0.0000000077759612082672902033664286136627197265625, 0.982797682285308837890625, 0, 0, 0, 0, 1, },
			{ 0.984173715114593505859375, -0.00000000129383070923694276643800549209117889404296875, -0.17720615863800048828125, 0, -0.000000000049215742592423339374363422393798828125, 1, -0.00000000757460583145075361244380474090576171875, 0, 0.17720617353916168212890625, 0.0000000074634503022252829396165907382965087890625, 0.984173715114593505859375, 0, 0, 0, 0, 1, },
			{ 0.98552715778350830078125, -0.00000000120940768510990892536938190460205078125, -0.1695177555084228515625, 0, -0.000000000018790302647175849415361881256103515625, 1, -0.000000007243626587438711794675327837467193603515625, 0, 0.1695177853107452392578125, 0.00000000714197678775008171214722096920013427734375, 0.98552715778350830078125, 0, 0, 0, 0, 1, },
			{ 0.98684823513031005859375, -0.00000000112571996169208432547748088836669921875, -0.16164936125278472900390625, 0, 0.000000000009634959496906958520412445068359375, 1, -0.0000000069051235840333902160637080669403076171875, 0, 0.161649405956268310546875, 0.0000000068127530283845771919004619121551513671875, 0.98684823513031005859375, 0, 0, 0, 0, 1, },
			{ 0.988128483295440673828125, -0.000000001043236608211373095400631427764892578125, -0.153629720211029052734375, 0, 0.000000000035793590313915046863257884979248046875, 1, -0.0000000065603469323605168028734624385833740234375, 0, 0.15362976491451263427734375, 0.0000000064769682950327478465624153614044189453125, 0.988128483295440673828125, 0, 0, 0, 0, 1, },
			{ 0.98935973644256591796875, -0.000000000962405266591304098255932331085205078125, -0.1454899013042449951171875, 0, 0.00000000005945111070104758255183696746826171875, 1, -0.000000006210643110904356944956816732883453369140625, 0, 0.14548994600772857666015625, 0.000000006135911778670788407907821238040924072265625, 0.98935973644256591796875, 0, 0, 0, 0, 1, },
			{ 0.9905350208282470703125, -0.00000000088363805161861819215118885040283203125, -0.13726033270359039306640625, 0, 0.000000000080415674119649338535964488983154296875, 1, -0.000000005857327067815276677720248699188232421875, 0, 0.13726036250591278076171875, 0.00000000579084957763598140445537865161895751953125, 0.9905350208282470703125, 0, 0, 0, 0, 1, },
			{ 0.991648137569427490234375, -0.000000000807304390004759397925226949155330657958984375, -0.12897287309169769287109375, 0, 0.00000000009854517202256829477846622467041015625, 1, -0.000000005501772815108552094898186624050140380859375, 0, 0.1289729177951812744140625, 0.0000000054431144036470868741162121295928955078125, 0.991648137569427490234375, 0, 0, 0, 0, 1, },
			{ 0.992693841457366943359375, -0.00000000073374195608266745693981647491455078125, -0.1206603348255157470703125, 0, 0.00000000011372236485840403474867343902587890625, 1, -0.000000005145391224203876845422200858592987060546875, 0, 0.120660357177257537841796875, 0.000000005094076716005702110123820602893829345703125, 0.992693841457366943359375, 0, 0, 0, 0, 1, },
			{ 0.99366819858551025390625, -0.00000000066322769498583511449396610260009765625, -0.11235415935516357421875, 0, 0.000000000125897514635653351433575153350830078125, 1, -0.000000004789530994031565569457598030567169189453125, 0, 0.112354196608066558837890625, 0.00000000474506034464639014913700520992279052734375, 0.99366819858551025390625, 0, 0, 0, 0, 1, },
			{ 0.9945681095123291015625, -0.00000000059601035218292963691055774688720703125, -0.1040873229503631591796875, 0, 0.000000000135049305072243441827595233917236328125, 1, -0.0000000044356003314760528155602514743804931640625, 0, 0.104087345302104949951171875, 0.00000000439745040381467333645559847354888916015625, 0.9945681095123291015625, 0, 0, 0, 0, 1, },
			{ 0.995391786098480224609375, -0.000000000532278221498927450738847255706787109375, -0.095891378819942474365234375, 0, 0.000000000141216816018641111440956592559814453125, 1, -0.00000000408494660320002367370761930942535400390625, 0, 0.095891408622264862060546875, 0.00000000405258138158615111024118959903717041015625, 0.995391786098480224609375, 0, 0, 0, 0, 1, },
			{ 0.99613797664642333984375, -0.00000000047220538590408978052437305450439453125, -0.08780084550380706787109375, 0, 0.000000000144467549034743569791316986083984375, 1, -0.00000000373903663586361290072090923786163330078125, 0, 0.08780087530612945556640625, 0.000000003711912999193600626313127577304840087890625, 0.99613797664642333984375, 0, 0, 0, 0, 1, },
			{ 0.99680721759796142578125, -0.000000000415877110526707838289439678192138671875, -0.07984626293182373046875, 0, 0.000000000144925849099308834411203861236572265625, 1, -0.0000000033991660597365580542827956378459930419921875, 0, 0.07984627783298492431640625, 0.000000003376741997129784067510627210140228271484375, 0.99680721759796142578125, 0, 0, 0, 0, 1, },
			{ 0.9974002838134765625, -0.000000000363368002354036434553563594818115234375, -0.07206051051616668701171875, 0, 0.0000000001427480356142041273415088653564453125, 1, -0.0000000030667266504025292306323535740375518798828125, 0, 0.072060532867908477783203125, 0.0000000030484681445841488311998546123504638671875, 0.9974002838134765625, 0, 0, 0, 0, 1, },
			{ 0.99791920185089111328125, -0.0000000003147100080536091581961954943835735321044921875, -0.064475782215595245361328125, 0, 0.000000000138133060545442276634275913238525390625, 1, -0.00000000274307598857603807118721306324005126953125, 0, 0.064475797116756439208984375, 0.00000000272846278903671191073954105377197265625, 0.99791920185089111328125, 0, 0, 0, 0, 1, },
			{ 0.99836719036102294921875, -0.0000000002698783141408256369686569087207317352294921875, -0.057122029364109039306640625, 0, 0.00000000013131540299582411535084247589111328125, 1, -0.000000002429476619880688303965143859386444091796875, 0, 0.0571220479905605316162109375, 0.000000002418009348303939987090416252613067626953125, 0.99836719036102294921875, 0, 0, 0, 0, 1, },
			{ 0.99874770641326904296875, -0.00000000022883027417375245704533881507813930511474609375, -0.05002979934215545654296875, 0, 0.000000000122554411063902080059051513671875, 1, -0.000000002127209963731502284645102918148040771484375, 0, 0.0500298105180263519287109375, 0.000000002118415221019631644594483077526092529296875, 0.99874770641326904296875, 0, 0, 0, 0, 1, },
			{ 0.999065220355987548828125, -0.00000000019146995100527419708669185638427734375, -0.0432282574474811553955078125, 0, 0.000000000112141407271337811835110187530517578125, 1, -0.00000000183749904181240708567202091217041015625, 0, 0.04322826862335205078125, 0.00000000183093451511240346007980406284332275390625, 0.999065220355987548828125, 0, 0, 0, 0, 1, },
			{ 0.9993245601654052734375, -0.000000000157701407488275435753166675567626953125, -0.0367457568645477294921875, 0, 0.000000000100381918055614249851714703254401683807373046875, 1, -0.0000000015615293502690974491997621953487396240234375, 0, 0.036745764315128326416015625, 0.000000001556786255463293855427764356136322021484375, 0.9993245601654052734375, 0, 0, 0, 0, 1, },
			{ 0.999531328678131103515625, -0.000000000127375443526034359820187091827392578125, -0.030609793961048126220703125, 0, 0.000000000087606366605541552416980266571044921875, 1, -0.0000000013004484156198259370285086333751678466796875, 0, 0.03060979954898357391357421875, 0.00000000129715782559713943555834703147411346435546875, 0.999531328678131103515625, 0, 0, 0, 0, 1, },
			{ 0.9996912479400634765625, -0.000000000100346390918826244842421147041022777557373046875, -0.0248452760279178619384765625, 0, 0.000000000074148687190245254896581172943115234375, 1, -0.0000000010552929641249875203357078135013580322265625, 0, 0.02484528161585330963134765625, 0.000000001053125142647104439674876630306243896484375, 0.9996912479400634765625, 0, 0, 0, 0, 1, },
			{ 0.99981033802032470703125, -0.000000000076443740226750378496944904327392578125, -0.0194767080247402191162109375, 0, 0.000000000060342841834426508285105228424072265625, 1, -0.000000000827081458876222086473717354238033294677734375, 0, 0.019476711750030517578125, 0.000000000825749191246671898625208996236324310302734375, 0.99981033802032470703125, 0, 0, 0, 0, 1, },
			{ 0.999894440174102783203125, -0.000000000055489834949185024015605449676513671875, -0.01452699489891529083251953125, 0, 0.00000000004653344376492896117269992828369140625, 1, -0.000000000616764861405272313277237117290496826171875, 0, 0.014526997692883014678955078125, 0.00000000061602367651403255877085030078887939453125, 0.999894440174102783203125, 0, 0, 0, 0, 1, },
			{ 0.999949753284454345703125, -0.0000000000373070428716371083055491908453404903411865234375, -0.0100173018872737884521484375, 0, 0.0000000000330437864570765071903224452398717403411865234375, 1, -0.0000000004252198315679578399794991128146648406982421875, 0, 0.01001730374991893768310546875, 0.000000000424867696580122355953790247440338134765625, 0.999949753284454345703125, 0, 0, 0, 0, 1, },
			{ 0.999982178211212158203125, -0.000000000021703527863792260177433490753173828125, -0.0059659318067133426666259765625, 0, 0.000000000020190071836623246781527996063232421875, 1, -0.0000000002532025700219264763290993869304656982421875, 0, 0.00596593320369720458984375, 0.000000000253077558909353683702647686004638671875, 0.999982178211212158203125, 0, 0, 0, 0, 1, },
			{ 0.999997079372406005859375, -0.00000000000851940740176360122859477996826171875, -0.00239121913909912109375, 0, 0.000000000008270717444247566163539886474609375, 1, -0.00000000010147171991548020741902291774749755859375, 0, 0.0023912196047604084014892578125, 0.000000000101451735901036954601295292377471923828125, 0.999997079372406005859375, 0, 0, 0, 0, 1, },
			{ 0.999999701976776123046875, 0.000000000002426503442620742134749889373779296875, 0.0006926572532393038272857666015625, 0, -0.000000000002447819724693545140326023101806640625, 1, 0.000000000029389379818667293875478208065032958984375, 0, -0.000692657311446964740753173828125, -0.0000000000293909341309017690946348011493682861328125, 0.999999701976776123046875, 0, 0, 0, 0, 1, },
			{ 0.999994575977325439453125, 0.0000000000112692077891551889479160308837890625, 0.00327222235500812530517578125, 0, -0.0000000000117239551400416530668735504150390625, 1, 0.0000000001388247294897837491589598357677459716796875, 0, -0.003272223286330699920654296875, -0.0000000001388624770726210044813342392444610595703125, 0.999994575977325439453125, 0, 0, 0, 0, 1, },
			{ 0.999985754489898681640625, 0.00000000001813304888187428076662399689666926860809326171875, 0.0053358920849859714508056640625, 0, -0.00000000001934807869474752806127071380615234375, 1, 0.000000000226357155241885266150347888469696044921875, 0, -0.0053358930163085460662841796875, -0.00000000022645707531410153023898601531982421875, 0.999985754489898681640625, 0, 0, 0, 0, 1, },
			{ 0.9999763965606689453125, 0.000000000023145929617385263554751873016357421875, 0.006875016726553440093994140625, 0, -0.00000000002515321111118407060303070466034114360809326171875, 1, 0.00000000029163071957327701966278254985809326171875, 0, -0.0068750181235373020172119140625, -0.000000000291796364848551093018613755702972412109375, 0.9999763965606689453125, 0, 0, 0, 0, 1, },
			{ 0.999968945980072021484375, 0.00000000002637179190301264242179968277923762798309326171875, 0.00788351707160472869873046875, 0, -0.000000000029007907187406090088188648223876953125, 1, 0.000000000334396066392628199537284672260284423828125, 0, -0.0078835189342498779296875, -0.0000000003346143362392695053131319582462310791015625, 0.999968945980072021484375, 0, 0, 0, 0, 1, },
			{ 0.99996507167816162109375, 0.00000000002786748436178765331305839936248958110809326171875, 0.00835682451725006103515625, 0, -0.000000000030834002018309547565877437591552734375, 1, 0.0000000003544653182085966136583010666072368621826171875, 0, -0.008356825448572635650634765625, -0.0000000003547107052526143888826481997966766357421875, 0.99996507167816162109375, 0, 0, 0, 0, 1, },
			{ 0.999965608119964599609375, 0.00000000002766497968209602476008512894622981548309326171875, 0.008292795158922672271728515625, 0, -0.000000000030585312060793512500822544097900390625, 1, 0.000000000351750628624358796514570713043212890625, 0, -0.008292797021567821502685546875, -0.0000000003519921853989416149488533847033977508544921875, 0.999965608119964599609375, 0, 0, 0, 0, 1, },
			{ 0.99997043609619140625, 0.00000000002575717417130363173782825469970703125, 0.00769139640033245086669921875, 0, -0.00000000002827249545589438639581203460693359375, 1, 0.000000000326249693927138650906272232532501220703125, 0, -0.0076913987286388874053955078125, -0.0000000003264573056327435551793314516544342041015625, 0.99997043609619140625, 0, 0, 0, 0, 1, },
			{ 0.999978482723236083984375, 0.00000000002211208993685431778430938720703125, 0.0065558929927647113800048828125, 0, -0.00000000002393818303303429928519108216278254985809326171875, 1, 0.0000000002780975449923062114976346492767333984375, 0, -0.0065558939240872859954833984375, -0.0000000002782483132790503077558241784572601318359375, 0.999978482723236083984375, 0, 0, 0, 0, 1, },
			{ 0.99998795986175537109375, 0.000000000016665779867253149859607219696044921875, 0.0048903771676123142242431640625, 0, -0.00000000001768540869306889362633228302001953125, 1, 0.00000000020746136752958221904918900690972805023193359375, 0, -0.0048903780989348888397216796875, -0.0000000002075453142680316886981017887592315673828125, 0.99998795986175537109375, 0, 0, 0, 0, 1, },
			{ 0.999996364116668701171875, 0.0000000000093365315478877164423465728759765625, 0.00270202872343361377716064453125, 0, -0.0000000000096491703516221605241298675537109375, 1, 0.0000000001146369665860902387066744267940521240234375, 0, -0.00270202918909490108489990234375, -0.000000000114662501715656617307104170322418212890625, 0.999996364116668701171875, 0, 0, 0, 0, 1, },
			{ 1, 0.000000000000003552713678800500929355621337890625, -0.000000000000000000000013234889800848442797942539073119405657053, 0, -0.000000000000003552713678800500929355621337890625, 1, 0, 0, 0.000000000000000000000026469779601696885595885078146238811314106, 0, 1, 0, 0, 0, 0, 1, },
		},
	}
end