function data()
return { 
		times = { 0, 41.667000000000001591615728102624416351318359375, 83.332999999999998408384271897375583648681640625, 125, 166.667000000000001591615728102624416351318359375, 208.332999999999998408384271897375583648681640625, 250, 291.66699999999997316990629769861698150634765625, 333.33300000000002683009370230138301849365234375, 375, 416.66699999999997316990629769861698150634765625, 458.33300000000002683009370230138301849365234375, 500, 541.6670000000000300133251585066318511962890625, 583.3329999999999699866748414933681488037109375, 625, 666.6670000000000300133251585066318511962890625, 708.3329999999999699866748414933681488037109375, 750, 791.6670000000000300133251585066318511962890625, 833.3329999999999699866748414933681488037109375, 875, 916.6670000000000300133251585066318511962890625, 958.3329999999999699866748414933681488037109375, 1000, 1041.66699999999991632648743689060211181640625, 1083.33300000000008367351256310939788818359375, 1125, 1166.66699999999991632648743689060211181640625, 1208.33300000000008367351256310939788818359375, 1250, 1291.66699999999991632648743689060211181640625, 1333.33300000000008367351256310939788818359375, 1375, 1416.66699999999991632648743689060211181640625, 1458.33300000000008367351256310939788818359375, 1500, 1541.66699999999991632648743689060211181640625, 1583.33300000000008367351256310939788818359375, 1625, 1666.66699999999991632648743689060211181640625, 1708.33300000000008367351256310939788818359375, 1750, 1791.66699999999991632648743689060211181640625, 1833.33300000000008367351256310939788818359375, 1875, 1916.66699999999991632648743689060211181640625, 1958.33300000000008367351256310939788818359375, 2000, 2041.66699999999991632648743689060211181640625, 2083.33300000000008367351256310939788818359375, 2125, 2166.66699999999991632648743689060211181640625, 2208.33300000000008367351256310939788818359375, 2250, 2291.66699999999991632648743689060211181640625, 2333.33300000000008367351256310939788818359375, 2375, 2416.66699999999991632648743689060211181640625, 2458.33300000000008367351256310939788818359375, 2500, 2541.66699999999991632648743689060211181640625, 2583.33300000000008367351256310939788818359375, 2625, 2666.66699999999991632648743689060211181640625, 2708.33300000000008367351256310939788818359375, 2750, 2791.66699999999991632648743689060211181640625, 2833.33300000000008367351256310939788818359375, 2875, 2916.66699999999991632648743689060211181640625, 2958.33300000000008367351256310939788818359375, 3000, 3041.66699999999991632648743689060211181640625, 3083.33300000000008367351256310939788818359375, 3125, 3166.66699999999991632648743689060211181640625, 3208.33300000000008367351256310939788818359375, 3250, 3291.66699999999991632648743689060211181640625, 3333.33300000000008367351256310939788818359375, 3375, 3416.66699999999991632648743689060211181640625, 3458.33300000000008367351256310939788818359375, 3500, 3541.66699999999991632648743689060211181640625, 3583.33300000000008367351256310939788818359375, 3625, 3666.66699999999991632648743689060211181640625, 3708.33300000000008367351256310939788818359375, 3750, 3791.66699999999991632648743689060211181640625, 3833.33300000000008367351256310939788818359375, 3875, 3916.66699999999991632648743689060211181640625, 3958.33300000000008367351256310939788818359375, 4000, 4041.66699999999991632648743689060211181640625, 4083.33300000000008367351256310939788818359375, 4125, 4166.6670000000003710738383233547210693359375, },
		transfs = {
			{ 1, 0, 0.0000000298023223876953125, 0, 0, 1, 0, 0, -0.0000000298023223876953125, 0.00000000000000088817841970012523233890533447265625, 1, 0, 0.0000006103515488575794734060764312744140625, -0.00000000476837147544983963598497211933135986328125, 0, 1, },
			{ 0.9999902248382568359375, 0.000000000034074076893375604413449764251708984375, -0.0044210851192474365234375, 0, -0.0000000000347064564587551416252608760260045528411865234375, 1, -0.00000000014210232990308213629759848117828369140625, 0, 0.0044210851192474365234375, 0.00000000014225509659127055783756077289581298828125, 0.9999902248382568359375, 0, 0.0000006103515488575794734060764312744140625, -0.00000000476837147544983963598497211933135986328125, 0, 1, },
			{ 0.99987041950225830078125, 0.00000000012106225744101806185426539741456508636474609375, -0.016099870204925537109375, 0, -0.000000000129400490322950645349919795989990234375, 1, -0.00000000051674842183047076105140149593353271484375, 0, 0.016099870204925537109375, 0.000000000518765863599668364258832298219203948974609375, 0.99987041950225830078125, 0, 0.0000006103515488575794734060764312744140625, -0.00000000476837147544983963598497211933135986328125, 0, 1, },
			{ 0.999466598033905029296875, 0.00000000023686652639298699796199798583984375, -0.0326568186283111572265625, 0, -0.000000000271171529675484634935855865478515625, 1, -0.00000000104606368012127859401516616344451904296875, 0, 0.0326568186283111572265625, 0.00000000105436270825265410167048685252666473388671875, 0.999466598033905029296875, 0, 0.0000006103515488575794734060764312744140625, -0.00000000476837147544983963598497211933135986328125, 0, 1, },
			{ 0.9986622333526611328125, 0.0000000003591864305985126293307985179126262664794921875, -0.0517084598541259765625, 0, -0.000000000445229630940957576967775821685791015625, 1, -0.00000000165249236516729069990105926990509033203125, 0, 0.0517084598541259765625, 0.000000001673303717808494184282608330249786376953125, 0.9986622333526611328125, 0, 0.0000006103515488575794734060764312744140625, -0.00000000476837147544983963598497211933135986328125, 0, 1, },
			{ 0.9974853992462158203125, 0.00000000047040060735525912605226039886474609375, -0.0708719789981842041015625, 0, -0.000000000632137897582651930861175060272216796875, 1, -0.0000000022596198245850018793134950101375579833984375, 0, 0.0708719789981842041015625, 0.000000002298739421036088970140554010868072509765625, 0.9974853992462158203125, 0, 0.0000006103515488575794734060764312744140625, -0.00000000476837147544983963598497211933135986328125, 0, 1, },
			{ 0.996097624301910400390625, 0.00000000056100901701938710175454616546630859375, -0.08825838565826416015625, 0, -0.000000000812008182915491261155693791806697845458984375, 1, -0.000000002807954757599873119033873081207275390625, 0, 0.08825838565826416015625, 0.00000000286866441712163577903993427753448486328125, 0.996097624301910400390625, 0, 0.0000006103515488575794734060764312744140625, -0.00000000476837147544983963598497211933135986328125, 0, 1, },
			{ 0.994585096836090087890625, 0.000000000634233998653144226409494876861572265625, -0.103925727307796478271484375, 0, -0.000000000982513626013314933516085147857666015625, 1, -0.00000000330003846471527140238322317600250244140625, 0, 0.103925727307796478271484375, 0.000000003384277302842519929981790482997894287109375, 0.994585096836090087890625, 0, 0.0000006103515488575794734060764312744140625, -0.00000000476837147544983963598497211933135986328125, 0, 1, },
			{ 0.99296391010284423828125, 0.00000000069481842501772916875779628753662109375, -0.118417315185070037841796875, 0, -0.00000000114737008782839211562532000243663787841796875, 1, -0.00000000375346420611322173499502241611480712890625, 0, 0.118417315185070037841796875, 0.000000003862922870467855318565852940082550048828125, 0.99296391010284423828125, 0, 0.0000006103515488575794734060764312744140625, -0.00000000476837147544983963598497211933135986328125, 0, 1, },
			{ 0.99121320247650146484375, 0.000000000746304296139754796968190930783748626708984375, -0.13227413594722747802734375, 0, -0.00000000131145583281977451406419277191162109375, 1, -0.000000004185469748563264147378504276275634765625, 0, 0.13227413594722747802734375, 0.000000004322163960068792221136391162872314453125, 0.99121320247650146484375, 0, 0.0000006103515488575794734060764312744140625, -0.00000000476837147544983963598497211933135986328125, 0, 1, },
			{ 0.9892795085906982421875, 0.000000000791146648193574719698517583310604095458984375, -0.14603412151336669921875, 0, -0.000000001480668032627363572828471660614013671875, 1, -0.00000000461293669928863891982473433017730712890625, 0, 0.14603412151336669921875, 0.000000004779713069780200385139323770999908447265625, 0.9892795085906982421875, 0, 0.0000006103515488575794734060764312744140625, -0.00000000476837147544983963598497211933135986328125, 0, 1, },
			{ 0.9871060848236083984375, 0.000000000830407687057999055468826554715633392333984375, -0.1600677073001861572265625, 0, -0.00000000165972824373028515765327028930187225341796875, 1, -0.0000000050473385471150322700850665569305419921875, 0, 0.1600677073001861572265625, 0.00000000524792742595536765293218195438385009765625, 0.9871060848236083984375, 0, 0.0000006103515488575794734060764312744140625, -0.00000000476837147544983963598497211933135986328125, 0, 1, },
			{ 0.98472964763641357421875, 0.00000000086306073399100569076836109161376953125, -0.17409060895442962646484375, 0, -0.000000001845222641350119374692440032958984375, 1, -0.00000000547981660048435514909215271472930908203125, 0, 0.17409060895442962646484375, 0.00000000571737412968786884448491036891937255859375, 0.98472964763641357421875, 0, 0.0000006103515488575794734060764312744140625, -0.00000000476837147544983963598497211933135986328125, 0, 1, },
			{ 0.982234418392181396484375, 0.000000000888348949956707656383514404296875, -0.187657892704010009765625, 0, -0.00000000203099403961459756828844547271728515625, 1, -0.00000000589672044526423633215017616748809814453125, 0, 0.187657892704010009765625, 0.0000000061730940359439046005718410015106201171875, 0.982234418392181396484375, 0, 0.0000006103515488575794734060764312744140625, -0.00000000476837147544983963598497211933135986328125, 0, 1, },
			{ 0.9797284603118896484375, 0.000000000906325625660286959828226827085018157958984375, -0.20032989978790283203125, 0, -0.000000002210157390436506830155849456787109375, 1, -0.00000000628474960961966644390486180782318115234375, 0, 0.20032989978790283203125, 0.000000006600107127496812609024345874786376953125, 0.9797284603118896484375, 0, 0.0000006103515488575794734060764312744140625, -0.00000000476837147544983963598497211933135986328125, 0, 1, },
			{ 0.977340877056121826171875, 0.000000000917761866503497003577649593353271484375, -0.2116716206073760986328125, 0, -0.000000002375163177248396095819771289825439453125, 1, -0.00000000663091714869779025320895016193389892578125, 0, 0.2116716206073760986328125, 0.00000000698341917626521535567007958889007568359375, 0.977340877056121826171875, 0, 0.0000006103515488575794734060764312744140625, -0.00000000476837147544983963598497211933135986328125, 0, 1, },
			{ 0.9751873016357421875, 0.0000000009240324061465798877179622650146484375, -0.22138105332851409912109375, 0, -0.0000000025199378139717509839101694524288177490234375, 1, -0.00000000692641233257518251775763928890228271484375, 0, 0.22138105332851409912109375, 0.000000007312415117866066793794743716716766357421875, 0.9751873016357421875, 0, 0.0000006103515488575794734060764312744140625, -0.00000000476837147544983963598497211933135986328125, 0, 1, },
			{ 0.973268330097198486328125, 0.00000000092679641738868667744100093841552734375, -0.229670941829681396484375, 0, -0.0000000026461322022441891022026538848876953125, 1, -0.000000007178079020064842552528716623783111572265625, 0, 0.229670941829681396484375, 0.0000000075939379229339465382508933544158935546875, 0.973268330097198486328125, 0, 0.0000006103515488575794734060764312744140625, -0.00000000476837147544983963598497211933135986328125, 0, 1, },
			{ 0.971539020538330078125, 0.000000000927258270166930742561817169189453125, -0.236879825592041015625, 0, -0.0000000027578241912351586506702005863189697265625, 1, -0.000000007396459000830191143904812633991241455078125, 0, 0.236879825592041015625, 0.00000000783922171621043162303976714611053466796875, 0.971539020538330078125, 0, 0.0000006103515488575794734060764312744140625, -0.00000000476837147544983963598497211933135986328125, 0, 1, },
			{ 0.969940245151519775390625, 0.000000000926121401789714582264423370361328125, -0.24334336817264556884765625, 0, -0.0000000028595135148634653887711465358734130859375, 1, -0.00000000759188534260601954883895814418792724609375, 0, 0.24334336817264556884765625, 0.0000000080595174978270733845420181751251220703125, 0.969940245151519775390625, 0, 0.0000006103515488575794734060764312744140625, -0.00000000476837147544983963598497211933135986328125, 0, 1, },
			{ 0.968401968479156494140625, 0.0000000009237197673428454436361789703369140625, -0.249394595623016357421875, 0, -0.00000000295604962730067200027406215667724609375, 1, -0.00000000777452147104895630036480724811553955078125, 0, 0.249394595623016357421875, 0.000000008266084705610410310328006744384765625, 0.968401968479156494140625, 0, 0.0000006103515488575794734060764312744140625, -0.00000000476837147544983963598497211933135986328125, 0, 1, },
			{ 0.966879069805145263671875, 0.000000000920170606377723743207752704620361328125, -0.2552350461483001708984375, 0, -0.0000000030504538894859933861880563199520111083984375, 1, -0.00000000795049981405782091314904391765594482421875, 0, 0.2552350461483001708984375, 0.00000000846575343160793636343441903591156005859375, 0.966879069805145263671875, 0, 0.0000006103515488575794734060764312744140625, -0.00000000476837147544983963598497211933135986328125, 0, 1, },
			{ 0.965460836887359619140625, 0.000000000915893139108447940088808536529541015625, -0.2605483233928680419921875, 0, -0.0000000031373941222767598446807824075222015380859375, 1, -0.00000000811033817882389485021121799945831298828125, 0, 0.2605483233928680419921875, 0.00000000864765592467620081151835620403289794921875, 0.965460836887359619140625, 0, 0.0000006103515488575794734060764312744140625, -0.00000000476837147544983963598497211933135986328125, 0, 1, },
			{ 0.96427834033966064453125, 0.000000000911644093548602540977299213409423828125, -0.2648907005786895751953125, 0, -0.0000000032091946877699228934943675994873046875, 1, -0.00000000824079027239577044383622705936431884765625, 0, 0.2648907005786895751953125, 0.0000000087964995287848068983294069766998291015625, 0.96427834033966064453125, 0, 0.0000006103515488575794734060764312744140625, -0.00000000476837147544983963598497211933135986328125, 0, 1, },
			{ 0.963468849658966064453125, 0.0000000009084004659598576836287975311279296875, -0.2678202688694000244140625, 0, -0.0000000032580105280288762514828704297542572021484375, 1, -0.00000000832870572509136763983406126499176025390625, 0, 0.2678202688694000244140625, 0.00000000889700846329333216999657452106475830078125, 0.963468849658966064453125, 0, 0.0000006103515488575794734060764312744140625, -0.00000000476837147544983963598497211933135986328125, 0, 1, },
			{ 0.96316945552825927734375, 0.000000000907128538951695873038261197507381439208984375, -0.2688951790332794189453125, 0, -0.0000000032760052448566057137213647365570068359375, 1, -0.00000000836094304901280338526703417301177978515625, 0, 0.2688951790332794189453125, 0.00000000893390694756135417264886200428009033203125, 0.96316945552825927734375, 0, 0.0000006103515488575794734060764312744140625, -0.00000000476837147544983963598497211933135986328125, 0, 1, },
			{ 0.96338653564453125, 0.000000000908055852733014035038650035858154296875, -0.268116474151611328125, 0, -0.0000000032629665636108029502793215215206146240234375, 1, -0.00000000833758928564520829240791499614715576171875, 0, 0.268116474151611328125, 0.00000000890717632984205920365639030933380126953125, 0.96338653564453125, 0, 0.0000006103515488575794734060764312744140625, -0.00000000476837147544983963598497211933135986328125, 0, 1, },
			{ 0.9639790058135986328125, 0.0000000009104752507482771761715412139892578125, -0.2659785747528076171875, 0, -0.00000000322728510582237504422664642333984375, 1, -0.00000000827344504017446524812839925289154052734375, 0, 0.2659785747528076171875, 0.00000000883381456873166825971566140651702880859375, 0.9639790058135986328125, 0, 0.0000006103515488575794734060764312744140625, -0.00000000476837147544983963598497211933135986328125, 0, 1, },
			{ 0.96485626697540283203125, 0.000000000913796982526804413282661698758602142333984375, -0.2627783715724945068359375, 0, -0.000000003174182694465343956835567951202392578125, 1, -0.000000008177352128768688999116420745849609375, 0, 0.2627783715724945068359375, 0.000000008724075684085619286634027957916259765625, 0.96485626697540283203125, 0, 0.0000006103515488575794734060764312744140625, -0.00000000476837147544983963598497211933135986328125, 0, 1, },
			{ 0.965927541255950927734375, 0.000000000917399489708259352482855319976806640625, -0.25881254673004150390625, 0, -0.000000003108880264335311949253082275390625, 1, -0.00000000805814881488231549155898392200469970703125, 0, 0.25881254673004150390625, 0.00000000858820481397515322896651923656463623046875, 0.965927541255950927734375, 0, 0.0000006103515488575794734060764312744140625, -0.00000000476837147544983963598497211933135986328125, 0, 1, },
			{ 0.967104732990264892578125, 0.000000000920767462275762227363884449005126953125, -0.254378616809844970703125, 0, -0.0000000030365345793370579485781490802764892578125, 1, -0.00000000792471421817708687740378081798553466796875, 0, 0.254378616809844970703125, 0.00000000843645775461254743277095258235931396484375, 0.967104732990264892578125, 0, 0.0000006103515488575794734060764312744140625, -0.00000000476837147544983963598497211933135986328125, 0, 1, },
			{ 0.968330085277557373046875, 0.000000000923577603284542192341177724301815032958984375, -0.24967335164546966552734375, 0, -0.0000000029605276008481951066642068326473236083984375, 1, -0.0000000077829280797914179856888949871063232421875, 0, 0.24967335164546966552734375, 0.00000000827560864280485475319437682628631591796875, 0.968330085277557373046875, 0, 0.0000006103515488575794734060764312744140625, -0.00000000476837147544983963598497211933135986328125, 0, 1, },
			{ 0.969652831554412841796875, 0.0000000009257661304218345321714878082275390625, -0.24448584020137786865234375, 0, -0.00000000287764123640954494476318359375, 1, -0.00000000762639107421136941411532461643218994140625, 0, 0.24448584020137786865234375, 0.0000000080984943195971936802379786968231201171875, 0.969652831554412841796875, 0, 0.0000006103515488575794734060764312744140625, -0.00000000476837147544983963598497211933135986328125, 0, 1, },
			{ 0.971142113208770751953125, 0.000000000927112553394948690765886567533016204833984375, -0.2385016977787017822265625, 0, -0.000000002783199448685991228558123111724853515625, 1, -0.00000000744552952625099351280368864536285400390625, 0, 0.2385016977787017822265625, 0.0000000078944655257373597123660147190093994140625, 0.971142113208770751953125, 0, 0.0000006103515488575794734060764312744140625, -0.00000000476837147544983963598497211933135986328125, 0, 1, },
			{ 0.9728577136993408203125, 0.000000000927077081769311917014420032501220703125, -0.23140422999858856201171875, 0, -0.0000000026728235180684123406535945832729339599609375, 1, -0.000000007230627208087980761774815618991851806640625, 0, 0.23140422999858856201171875, 0.0000000076528738901515680481679737567901611328125, 0.9728577136993408203125, 0, 0.0000006103515488575794734060764312744140625, -0.00000000476837147544983963598497211933135986328125, 0, 1, },
			{ 0.97484719753265380859375, 0.000000000924707366234400751636712811887264251708984375, -0.2228741943836212158203125, 0, -0.000000002542488886092542088590562343597412109375, 1, -0.000000006971784927145563415251672267913818359375, 0, 0.2228741943836212158203125, 0.000000007363079479461021037423051893711090087890625, 0.97484719753265380859375, 0, 0.0000006103515488575794734060764312744140625, -0.00000000476837147544983963598497211933135986328125, 0, 1, },
			{ 0.977118432521820068359375, 0.000000000918578935138469887533574365079402923583984375, -0.21269594132900238037109375, 0, -0.0000000023902817503085316275246441364288330078125, 1, -0.00000000666212773836605265387333929538726806640625, 0, 0.21269594132900238037109375, 0.00000000701809010905662944423966109752655029296875, 0.977118432521820068359375, 0, 0.0000006103515488575794734060764312744140625, -0.00000000476837147544983963598497211933135986328125, 0, 1, },
			{ 0.979574859142303466796875, 0.000000000907220909507344686062424443662166595458984375, -0.20107983052730560302734375, 0, -0.00000000222092921831062994897365570068359375, 1, -0.000000006307670386007657725713215768337249755859375, 0, 0.20107983052730560302734375, 0.000000006625419768369056328083388507366180419921875, 0.979574859142303466796875, 0, 0.0000006103515488575794734060764312744140625, -0.00000000476837147544983963598497211933135986328125, 0, 1, },
			{ 0.982102870941162109375, 0.000000000889464446540699782417505048215389251708984375, -0.18834531307220458984375, 0, -0.000000002040575708406322519294917583465576171875, 1, -0.000000005917803580501868054852820932865142822265625, 0, 0.18834531307220458984375, 0.000000006196225310617364812060259282588958740234375, 0.982102870941162109375, 0, 0.0000006103515488575794734060764312744140625, -0.00000000476837147544983963598497211933135986328125, 0, 1, },
			{ 0.984601199626922607421875, 0.000000000864570637304495903663337230682373046875, -0.17481552064418792724609375, 0, -0.00000000185499260396682075224816799163818359375, 1, -0.000000005502130306922481395304203033447265625, 0, 0.17481552064418792724609375, 0.000000005741685793481110522407107055187225341796875, 0.984601199626922607421875, 0, 0.0000006103515488575794734060764312744140625, -0.00000000476837147544983963598497211933135986328125, 0, 1, },
			{ 0.986984193325042724609375, 0.000000000832319102528344956226646900177001953125, -0.1608173549175262451171875, 0, -0.000000001669473448373537394218146800994873046875, 1, -0.0000000050704986875871327356435358524322509765625, 0, 0.1608173549175262451171875, 0.0000000052729820509966884856112301349639892578125, 0.986984193325042724609375, 0, 0.0000006103515488575794734060764312744140625, -0.00000000476837147544983963598497211933135986328125, 0, 1, },
			{ 0.98919141292572021484375, 0.000000000792947929539877804927527904510498046875, -0.14663018286228179931640625, 0, -0.00000000148813927847157856376725248992443084716796875, 1, -0.00000000463141969220259852590970695018768310546875, 0, 0.14663018286228179931640625, 0.000000004799567410174176984583027660846710205078125, 0.98919141292572021484375, 0, 0.0000006103515488575794734060764312744140625, -0.00000000476837147544983963598497211933135986328125, 0, 1, },
			{ 0.99120557308197021484375, 0.000000000746499750903240055777132511138916015625, -0.13233077526092529296875, 0, -0.00000000131213795384610421024262905120849609375, 1, -0.000000004187231894547949195839464664459228515625, 0, 0.13233077526092529296875, 0.00000000432404423378329738625325262546539306640625, 0.99120557308197021484375, 0, 0.0000006103515488575794734060764312744140625, -0.00000000476837147544983963598497211933135986328125, 0, 1, },
			{ 0.99302005767822265625, 0.00000000069295680305003770627081394195556640625, -0.11794555187225341796875, 0, -0.00000000114189191435798420570790767669677734375, 1, -0.00000000373872932613039665739051997661590576171875, 0, 0.11794555187225341796875, 0.000000003847314911098465017857961356639862060546875, 0.99302005767822265625, 0, 0.0000006103515488575794734060764312744140625, -0.00000000476837147544983963598497211933135986328125, 0, 1, },
			{ 0.994629323482513427734375, 0.000000000632354613117058761417865753173828125, -0.10350070893764495849609375, 0, -0.000000000977781411393152666278183460235595703125, 1, -0.00000000328671401206293012364767491817474365234375, 0, 0.10350070893764495849609375, 0.000000003370264511914911054191179573535919189453125, 0.994629323482513427734375, 0, 0.0000006103515488575794734060764312744140625, -0.00000000476837147544983963598497211933135986328125, 0, 1, },
			{ 0.996029555797576904296875, 0.000000000564767788091558031737804412841796875, -0.089023053646087646484375, 0, -0.00000000082014395275109563954174518585205078125, 1, -0.00000000283201639916796921170316636562347412109375, 0, 0.089023053646087646484375, 0.000000002893784323276804570923559367656707763671875, 0.996029555797576904296875, 0, 0.0000006103515488575794734060764312744140625, -0.00000000476837147544983963598497211933135986328125, 0, 1, },
			{ 0.997222125530242919921875, 0.000000000490036455857989494688808917999267578125, -0.074484877288341522216796875, 0, -0.000000000668702426764866686426103115081787109375, 1, -0.00000000237375985534526989795267581939697265625, 0, 0.074484877288341522216796875, 0.00000000241697417635577949113212525844573974609375, 0.997222125530242919921875, 0, 0.0000006103515488575794734060764312744140625, -0.00000000476837147544983963598497211933135986328125, 0, 1, },
			{ 0.99821984767913818359375, 0.0000000004066578185302205383777618408203125, -0.059640228748321533203125, 0, -0.000000000521151066745773050570278428494930267333984375, 1, -0.00000000190412929867989078047685325145721435546875, 0, 0.059640228748321533203125, 0.0000000019318224797615357601898722350597381591796875, 0.99821984767913818359375, 0, 0.0000006103515488575794734060764312744140625, -0.00000000476837147544983963598497211933135986328125, 0, 1, },
			{ 0.9990231990814208984375, 0.0000000003122977432212792336940765380859375, -0.04418790340423583984375, 0, -0.0000000003751239319171872921288013458251953125, 1, -0.0000000014134453607539398944936692714691162109375, 0, 0.04418790340423583984375, 0.00000000142864109431428687457810156047344207763671875, 0.9990231990814208984375, 0, 0.0000006103515488575794734060764312744140625, -0.00000000476837147544983963598497211933135986328125, 0, 1, },
			{ 0.999612748622894287109375, 0.000000000203993266723045962862670421600341796875, -0.02782663516700267791748046875, 0, -0.00000000022890134232511627487838268280029296875, 1, -0.000000000891866969165988621170981787145137786865234375, 0, 0.02782663516700267791748046875, 0.000000000897891982987175651942379772663116455078125, 0.999612748622894287109375, 0, 0.0000006103515488575794734060764312744140625, -0.00000000476837147544983963598497211933135986328125, 0, 1, },
			{ 0.99994742870330810546875, 0.000000000078077981580104705017220112495124340057373046875, -0.0102550089359283447265625, 0, -0.000000000081460171941216685809195041656494140625, 1, -0.00000000032938185512421114253811538219451904296875, 0, 0.0102550089359283447265625, 0.0000000003302016438055943581275641918182373046875, 0.99994742870330810546875, 0, 0.0000006103515488575794734060764312744140625, -0.00000000476837147544983963598497211933135986328125, 0, 1, },
			{ 0.999962329864501953125, -0.000000000068720140689038089476525783538818359375, 0.0086788833141326904296875, 0, 0.000000000066297189960096147842705249786376953125, 1, 0.00000000027939872637716689496301114559173583984375, 0, -0.0086788833141326904296875, -0.00000000027881075226332541205920279026031494140625, 0.999962329864501953125, 0, 0.0000006103515488575794734060764312744140625, -0.00000000476837147544983963598497211933135986328125, 0, 1, },
			{ 0.99959278106689453125, -0.0000000002350333261347259394824504852294921875, 0.02853306941688060760498046875, 0, 0.00000000020884270701682083881678408943116664886474609375, 1, 0.000000000920766074496981445918208919465541839599609375, 0, -0.02853306941688060760498046875, -0.000000000914430253740050602573319338262081146240234375, 0.99959278106689453125, 0, 0.0000006103515488575794734060764312744140625, -0.00000000476837147544983963598497211933135986328125, 0, 1, },
			{ 0.998812615871429443359375, -0.00000000041712411302796681411564350128173828125, 0.0487166941165924072265625, 0, 0.000000000340747874361113645136356353759765625, 1, 0.000000001575922059515733053558506071567535400390625, 0, -0.0487166941165924072265625, -0.00000000155744839247518029878847301006317138671875, 0.998812615871429443359375, 0, 0.0000006103515488575794734060764312744140625, -0.00000000476837147544983963598497211933135986328125, 0, 1, },
			{ 0.997641503810882568359375, -0.000000000609748640467699942746548913419246673583984375, 0.0686391890048980712890625, 0, 0.0000000004580513468521729691929067485034465789794921875, 1, 0.000000002225719608617282574414275586605072021484375, 0, -0.0686391890048980712890625, -0.0000000021890276258318408508785068988800048828125, 0.997641503810882568359375, 0, 0.0000006103515488575794734060764312744140625, -0.00000000476837147544983963598497211933135986328125, 0, 1, },
			{ 0.996145784854888916015625, -0.00000000080621020970284007489681243896484375, 0.0877127349376678466796875, 0, 0.000000000558312507337177521549165248870849609375, 1, 0.0000000028507418647905069519765675067901611328125, 0, -0.0877127349376678466796875, -0.0000000027907807176319465725100599229335784912109375, 0.996145784854888916015625, 0, 0.0000006103515488575794734060764312744140625, -0.00000000476837147544983963598497211933135986328125, 0, 1, },
			{ 0.99442005157470703125, -0.000000001000007188167728600092232227325439453125, 0.10549271106719970703125, 0, 0.00000000064111560504898079670965671539306640625, 1, 0.000000003435953299657512616249732673168182373046875, 0, -0.10549271106719970703125, -0.0000000033491456274958864014479331672191619873046875, 0.99442005157470703125, 0, 0.0000006103515488575794734060764312744140625, -0.00000000476837147544983963598497211933135986328125, 0, 1, },
			{ 0.99251878261566162109375, -0.00000000119026555278622936384635977447032928466796875, 0.1220918595790863037109375, 0, 0.000000000709086067640640749232261441648006439208984375, 1, 0.00000000398455579642131851869635283946990966796875, 0, -0.1220918595790863037109375, -0.00000000386817067266065350850112736225128173828125, 0.99251878261566162109375, 0, 0.0000006103515488575794734060764312744140625, -0.00000000476837147544983963598497211933135986328125, 0, 1, },
			{ 0.9904654026031494140625, -0.000000001378186453848684323020279407501220703125, 0.1377616822719573974609375, 0, 0.000000000764934726671384623841731809079647064208984375, 1, 0.0000000045044554752848853240720927715301513671875, 0, -0.1377616822719573974609375, -0.00000000435612523830286590964533388614654541015625, 0.9904654026031494140625, 0, 0.0000006103515488575794734060764312744140625, -0.00000000476837147544983963598497211933135986328125, 0, 1, },
			{ 0.988264501094818115234375, -0.000000001565570784123337944038212299346923828125, 0.152752578258514404296875, 0, 0.000000000810761180414232285329489968717098236083984375, 1, 0.000000005003668146486006662598811089992523193359375, 0, -0.152752578258514404296875, -0.00000000482109907551375727052800357341766357421875, 0.988264501094818115234375, 0, 0.0000006103515488575794734060764312744140625, -0.00000000476837147544983963598497211933135986328125, 0, 1, },
			{ 0.98590373992919921875, -0.00000000175474912378348335550981573760509490966796875, 0.1673135459423065185546875, 0, 0.00000000084810380940325558185577392578125, 1, 0.0000000054902979940152363269589841365814208984375, 0, -0.1673135459423065185546875, -0.0000000052710031894775966065935790538787841796875, 0.98590373992919921875, 0, 0.0000006103515488575794734060764312744140625, -0.00000000476837147544983963598497211933135986328125, 0, 1, },
			{ 0.98337137699127197265625, -0.000000001947366712329312576912343502044677734375, 0.18160627782344818115234375, 0, 0.000000000877836414669985742875724099576473236083984375, 1, 0.00000000596963811716477721347473561763763427734375, 0, -0.18160627782344818115234375, -0.0000000057109463824644990381784737110137939453125, 0.98337137699127197265625, 0, 0.0000006103515488575794734060764312744140625, -0.00000000476837147544983963598497211933135986328125, 0, 1, },
			{ 0.98071384429931640625, -0.00000000214049578062258660793304443359375, 0.19544875621795654296875, 0, 0.000000000900047980589846474686055444180965423583984375, 1, 0.000000006435469490639889045269228518009185791015625, 0, -0.19544875621795654296875, -0.0000000061354388236622980912216007709503173828125, 0.98071384429931640625, 0, 0.0000006103515488575794734060764312744140625, -0.00000000476837147544983963598497211933135986328125, 0, 1, },
			{ 0.9780061244964599609375, -0.000000002329688442159749683924019336700439453125, 0.20857627689838409423828125, 0, 0.0000000009150795676760026253759860992431640625, 1, 0.00000000687870027604731149040162563323974609375, 0, -0.20857627689838409423828125, -0.00000000653654552706939284689724445343017578125, 0.9780061244964599609375, 0, 0.0000006103515488575794734060764312744140625, -0.00000000476837147544983963598497211933135986328125, 0, 1, },
			{ 0.975335657596588134765625, -0.0000000025100774792008451186120510101318359375, 0.2207267582416534423828125, 0, 0.00000000092371266191548784263432025909423828125, 1, 0.000000007290220427336180364363826811313629150390625, 0, -0.2207267582416534423828125, -0.000000006906521132776788363116793334484100341796875, 0.975335657596588134765625, 0, 0.0000006103515488575794734060764312744140625, -0.00000000476837147544983963598497211933135986328125, 0, 1, },
			{ 0.97280108928680419921875, -0.0000000026764934712986132581136189401149749755859375, 0.2316423952579498291015625, 0, 0.000000000927105447967591089764027856290340423583984375, 1, 0.0000000076609740773392331902869045734405517578125, 0, -0.2316423952579498291015625, -0.000000007237842769569624579162336885929107666015625, 0.97280108928680419921875, 0, 0.0000006103515488575794734060764312744140625, -0.00000000476837147544983963598497211933135986328125, 0, 1, },
			{ 0.9704802036285400390625, -0.0000000028253257511323681683279573917388916015625, 0.2411809265613555908203125, 0, 0.000000000926661358757741027147858403623104095458984375, 1, 0.00000000798577470817463108687661588191986083984375, 0, -0.2411809265613555908203125, -0.0000000075265393917334222351200878620147705078125, 0.9704802036285400390625, 0, 0.0000006103515488575794734060764312744140625, -0.00000000476837147544983963598497211933135986328125, 0, 1, },
			{ 0.968334615230560302734375, -0.0000000029602436057984959916211664676666259765625, 0.249655783176422119140625, 0, 0.000000000923584708711899793343036435544490814208984375, 1, 0.0000000082750073460147177684120833873748779296875, 0, -0.249655783176422119140625, -0.0000000077823951727395979105494916439056396484375, 0.968334615230560302734375, 0, 0.0000006103515488575794734060764312744140625, -0.00000000476837147544983963598497211933135986328125, 0, 1, },
			{ 0.96628105640411376953125, -0.0000000030872211453925046953372657299041748046875, 0.2574897110462188720703125, 0, 0.000000000918479514666614704765379428863525390625, 1, 0.0000000085429139318193847429938614368438720703125, 0, -0.2574897110462188720703125, -0.0000000080183522044308119802735745906829833984375, 0.96628105640411376953125, 0, 0.0000006103515488575794734060764312744140625, -0.00000000476837147544983963598497211933135986328125, 0, 1, },
			{ 0.964220225811004638671875, -0.0000000032127065452414171886630356311798095703125, 0.265102088451385498046875, 0, 0.000000000911423825300516909919679164886474609375, 1, 0.00000000880375150558165842085145413875579833984375, 0, -0.265102088451385498046875, -0.00000000824713364266926873824559152126312255859375, 0.964220225811004638671875, 0, 0.0000006103515488575794734060764312744140625, -0.00000000476837147544983963598497211933135986328125, 0, 1, },
			{ 0.96203982830047607421875, -0.0000000033435545443438741131103597581386566162109375, 0.2729091644287109375, 0, 0.000000000902023344906410784460604190826416015625, 1, 0.000000009071779771829824312590062618255615234375, 0, -0.2729091644287109375, -0.00000000848124148689066714723594486713409423828125, 0.96203982830047607421875, 0, 0.0000006103515488575794734060764312744140625, -0.00000000476837147544983963598497211933135986328125, 0, 1, },
			{ 0.959677040576934814453125, -0.00000000348328654808938154019415378570556640625, 0.281104862689971923828125, 0, 0.000000000889787798996621859259903430938720703125, 1, 0.00000000935372401755785176646895706653594970703125, 0, -0.281104862689971923828125, -0.00000000872642669236256551812402904033660888671875, 0.959677040576934814453125, 0, 0.0000006103515488575794734060764312744140625, -0.00000000476837147544983963598497211933135986328125, 0, 1, },
			{ 0.957324922084808349609375, -0.0000000036204459430422275545424781739711761474609375, 0.2890137135982513427734375, 0, 0.00000000087566576212338986806571483612060546875, 1, 0.00000000962636281798268100828863680362701416015625, 0, -0.2890137135982513427734375, -0.00000000896247609460942840087227523326873779296875, 0.957324922084808349609375, 0, 0.0000006103515488575794734060764312744140625, -0.00000000476837147544983963598497211933135986328125, 0, 1, },
			{ 0.955265462398529052734375, -0.000000003739071274821981205604970455169677734375, 0.2957496345043182373046875, 0, 0.000000000861827886833310685688047669827938079833984375, 1, 0.0000000098590025032763151102699339389801025390625, 0, -0.2957496345043182373046875, -0.00000000916307651976921988534741103649139404296875, 0.955265462398529052734375, 0, 0.0000006103515488575794734060764312744140625, -0.00000000476837147544983963598497211933135986328125, 0, 1, },
			{ 0.953802585601806640625, -0.00000000382255649356011417694389820098876953125, 0.3004341423511505126953125, 0, 0.000000000851219539299563621170818805694580078125, 1, 0.00000001002103200420378925628028810024261474609375, 0, -0.3004341423511505126953125, -0.00000000930234733687029802240431308746337890625, 0.953802585601806640625, 0, 0.0000006103515488575794734060764312744140625, -0.00000000476837147544983963598497211933135986328125, 0, 1, },
			{ 0.953247487545013427734375, -0.000000003854069063891074620187282562255859375, 0.3021906316280364990234375, 0, 0.000000000847034442585936631076037883758544921875, 1, 0.00000001008183669881645982968620955944061279296875, 0, -0.3021906316280364990234375, -0.00000000935451804906506367842666804790496826171875, 0.953247487545013427734375, 0, 0.0000006103515488575794734060764312744140625, -0.00000000476837147544983963598497211933135986328125, 0, 1, },
			{ 0.953802585601806640625, -0.00000000382255649356011417694389820098876953125, 0.30043423175811767578125, 0, 0.000000000851219539299563621170818805694580078125, 1, 0.0000000100210346687390483566559851169586181640625, 0, -0.30043423175811767578125, -0.00000000930235000140555712278001010417938232421875, 0.953802585601806640625, 0, 0.0000006103515488575794734060764312744140625, -0.00000000476837147544983963598497211933135986328125, 0, 1, },
			{ 0.955281317234039306640625, -0.000000003738161780120208277367055416107177734375, 0.2956984341144561767578125, 0, 0.000000000861938020957353501216857694089412689208984375, 1, 0.00000000985723236368585276068188250064849853515625, 0, -0.2956984341144561767578125, -0.00000000916155240560101447044871747493743896484375, 0.955281317234039306640625, 0, 0.0000006103515488575794734060764312744140625, -0.00000000476837147544983963598497211933135986328125, 0, 1, },
			{ 0.957395136356353759765625, -0.000000003616378307924605906009674072265625, 0.2887810170650482177734375, 0, 0.0000000008761134040469187311828136444091796875, 1, 0.000000009618332796890172176063060760498046875, 0, -0.2887810170650482177734375, -0.00000000895553764479473102255724370479583740234375, 0.957395136356353759765625, 0, 0.0000006103515488575794734060764312744140625, -0.00000000476837147544983963598497211933135986328125, 0, 1, },
			{ 0.95985925197601318359375, -0.0000000034725839981319950311444699764251708984375, 0.28048217296600341796875, 0, 0.000000000890803819597607571267872117459774017333984375, 1, 0.0000000093322825023278710432350635528564453125, 0, -0.28048217296600341796875, -0.00000000870782113082668729475699365139007568359375, 0.95985925197601318359375, 0, 0.0000006103515488575794734060764312744140625, -0.00000000476837147544983963598497211933135986328125, 0, 1, },
