function data()
return { 
		times = { 0, 41.667000000000001591615728102624416351318359375, 83.332999999999998408384271897375583648681640625, 125, 166.667000000000001591615728102624416351318359375, 208.332999999999998408384271897375583648681640625, 250, 291.66699999999997316990629769861698150634765625, 333.33300000000002683009370230138301849365234375, 375, 416.66699999999997316990629769861698150634765625, 458.33300000000002683009370230138301849365234375, 500, 541.6670000000000300133251585066318511962890625, 583.3329999999999699866748414933681488037109375, 625, 666.6670000000000300133251585066318511962890625, 708.3329999999999699866748414933681488037109375, 750, 791.6670000000000300133251585066318511962890625, 833.3329999999999699866748414933681488037109375, 875, 916.6670000000000300133251585066318511962890625, 958.3329999999999699866748414933681488037109375, 1000, 1041.66699999999991632648743689060211181640625, 1083.33300000000008367351256310939788818359375, 1125, 1166.66699999999991632648743689060211181640625, 1208.33300000000008367351256310939788818359375, 1250, 1291.66699999999991632648743689060211181640625, 1333.33300000000008367351256310939788818359375, 1375, 1416.66699999999991632648743689060211181640625, 1458.33300000000008367351256310939788818359375, 1500, 1541.66699999999991632648743689060211181640625, 1583.33300000000008367351256310939788818359375, 1625, 1666.66699999999991632648743689060211181640625, 1708.33300000000008367351256310939788818359375, 1750, 1791.66699999999991632648743689060211181640625, 1833.33300000000008367351256310939788818359375, 1875, 1916.66699999999991632648743689060211181640625, 1958.33300000000008367351256310939788818359375, 2000, 2041.66699999999991632648743689060211181640625, 2083.33300000000008367351256310939788818359375, 2125, 2166.66699999999991632648743689060211181640625, 2208.33300000000008367351256310939788818359375, 2250, 2291.66699999999991632648743689060211181640625, 2333.33300000000008367351256310939788818359375, 2375, 2416.66699999999991632648743689060211181640625, 2458.33300000000008367351256310939788818359375, 2500, 2541.66699999999991632648743689060211181640625, 2583.33300000000008367351256310939788818359375, 2625, 2666.66699999999991632648743689060211181640625, 2708.33300000000008367351256310939788818359375, 2750, 2791.66699999999991632648743689060211181640625, 2833.33300000000008367351256310939788818359375, 2875, 2916.66699999999991632648743689060211181640625, 2958.33300000000008367351256310939788818359375, 3000, 3041.66699999999991632648743689060211181640625, 3083.33300000000008367351256310939788818359375, 3125, 3166.66699999999991632648743689060211181640625, 3208.33300000000008367351256310939788818359375, 3250, 3291.66699999999991632648743689060211181640625, 3333.33300000000008367351256310939788818359375, 3375, 3416.66699999999991632648743689060211181640625, 3458.33300000000008367351256310939788818359375, 3500, 3541.66699999999991632648743689060211181640625, 3583.33300000000008367351256310939788818359375, 3625, 3666.66699999999991632648743689060211181640625, 3708.33300000000008367351256310939788818359375, 3750, 3791.66699999999991632648743689060211181640625, 3833.33300000000008367351256310939788818359375, 3875, 3916.66699999999991632648743689060211181640625, 3958.33300000000008367351256310939788818359375, 4000, 4125, 4166.6670000000003710738383233547210693359375, },
		transfs = {
			{ 1, 0, -0.0000000000000004605663829543229104840351695315803226549178361893, 0, 0, 1, 0.00000000000000088817841970012523233890533447265625, 0, -0.0000000000000004605663829543229104840351695315803226549178361893, 0, 1, 0, -0.0000006103515488575794734060764312744140625, 0.00000030517577442878973670303821563720703125, -0.000000152587887214394868351519107818603515625, 1, },
			{ 0.999998867511749267578125, 0.00000000002804512004572767835952618042938411235809326171875, -0.0014224946498870849609375, 0, -0.000000000013267608366118732732275020680390298366546630859375, 1, -0.00000000003316014129950417554937303066253662109375, 0, 0.0014224946498870849609375, 0.0000000000703987979022713261656463146209716796875, 0.999998867511749267578125, 0, -0.0000006103515488575794734060764312744140625, 0.00000030517577442878973670303821563720703125, -0.000000152587887214394868351519107818603515625, 1, },
			{ 0.999994575977325439453125, 0.00000000006493650062111555598676204681396484375, -0.0033012926578521728515625, 0, -0.0000000000308606473709005513228476047515869140625, 1, -0.00000000007693046200074604712426662445068359375, 0, 0.0033012926578521728515625, 0.0000000001634372637226988445036113262176513671875, 0.999994575977325439453125, 0, -0.0000006103515488575794734060764312744140625, 0.00000030517577442878973670303821563720703125, -0.000000152587887214394868351519107818603515625, 1, },
			{ 0.99998414516448974609375, 0.000000000110382807061437659967850777320563793182373046875, -0.0056281387805938720703125, 0, -0.0000000000527649035575450398027896881103515625, 1, -0.00000000013109247021247938391752541065216064453125, 0, 0.0056281387805938720703125, 0.0000000002787654551639207056723535060882568359375, 0.99998414516448974609375, 0, -0.0000006103515488575794734060764312744140625, 0.00000030517577442878973670303821563720703125, -0.000000152587887214394868351519107818603515625, 1, },
			{ 0.999964773654937744140625, 0.000000000164067870400685933418571949005126953125, -0.008395135402679443359375, 0, -0.000000000078973272366056335158646106719970703125, 1, -0.00000000019543565377144744843462831340730190277099609375, 0, 0.008395135402679443359375, 0.0000000004160476130277146467051352374255657196044921875, 0.999964773654937744140625, 0, -0.0000006103515488575794734060764312744140625, 0.00000030517577442878973670303821563720703125, -0.000000152587887214394868351519107818603515625, 1, },
			{ 0.999932825565338134765625, 0.0000000002255688968944014050066471099853515625, -0.0115889012813568115234375, 0, -0.000000000109448450302807032130658626556396484375, 1, -0.0000000002696136369717549996494199149310588836669921875, 0, 0.0115889012813568115234375, 0.000000000574690517396447830833494663238525390625, 0.999932825565338134765625, 0, -0.0000006103515488575794734060764312744140625, 0.00000030517577442878973670303821563720703125, -0.000000152587887214394868351519107818603515625, 1, },
			{ 0.99988460540771484375, 0.00000000029445601512634311802685260772705078125, -0.0151975154876708984375, 0, -0.0000000001441673447288849274627864360809326171875, 1, -0.0000000003533120462861916166730225086212158203125, 0, 0.0151975154876708984375, 0.000000000754180662365655507528572343289852142333984375, 0.99988460540771484375, 0, -0.0000006103515488575794734060764312744140625, 0.00000030517577442878973670303821563720703125, -0.000000152587887214394868351519107818603515625, 1, },
			{ 0.99981558322906494140625, 0.0000000003702176065711881847164477221667766571044921875, -0.0192064344882965087890625, 0, -0.0000000001830944285075020161457359790802001953125, 1, -0.0000000004461533087418700915804947726428508758544921875, 0, 0.0192064344882965087890625, 0.000000000953885859189540497027337551116943359375, 0.99981558322906494140625, 0, -0.0000006103515488575794734060764312744140625, 0.00000030517577442878973670303821563720703125, -0.000000152587887214394868351519107818603515625, 1, },
			{ 0.999721527099609375, 0.00000000045229597844809177331626415252685546875, -0.02359759807586669921875, 0, -0.00000000022616396255781268109785742126405239105224609375, 1, -0.000000000547675682582848821766674518585205078125, 0, 0.02359759807586669921875, 0.00000000117299758795041952907922677695751190185546875, 0.999721527099609375, 0, -0.0000006103515488575794734060764312744140625, 0.00000030517577442878973670303821563720703125, -0.000000152587887214394868351519107818603515625, 1, },
			{ 0.99959790706634521484375, 0.000000000540136824156434158794581890106201171875, -0.0283545553684234619140625, 0, -0.000000000273331579592195339500904083251953125, 1, -0.0000000006574509825441054999828338623046875, 0, 0.0283545553684234619140625, 0.0000000014107914836358759202994406223297119140625, 0.99959790706634521484375, 0, -0.0000006103515488575794734060764312744140625, 0.00000030517577442878973670303821563720703125, -0.000000152587887214394868351519107818603515625, 1, },
			{ 0.999440133571624755859375, 0.00000000063310068298960686661303043365478515625, -0.0334567129611968994140625, 0, -0.0000000003245066437784771551378071308135986328125, 1, -0.000000000774959596494539937339141033589839935302734375, 0, 0.0334567129611968994140625, 0.000000001666339954908835352398455142974853515625, 0.999440133571624755859375, 0, -0.0000006103515488575794734060764312744140625, 0.00000030517577442878973670303821563720703125, -0.000000152587887214394868351519107818603515625, 1, },
			{ 0.99924373626708984375, 0.00000000073058714633589261211454868316650390625, -0.0388845466077327728271484375, 0, -0.0000000003796145620071911253035068511962890625, 1, -0.000000000899700702827743725720210932195186614990234375, 0, 0.0388845466077327728271484375, 0.0000000019387638161560971639119088649749755859375, 0.99924373626708984375, 0, -0.0000006103515488575794734060764312744140625, 0.00000030517577442878973670303821563720703125, -0.000000152587887214394868351519107818603515625, 1, },
			{ 0.999004304409027099609375, 0.000000000831910484944131667361943982541561126708984375, -0.04461443424224853515625, 0, -0.0000000004385380947269368334673345088958740234375, 1, -0.00000000103108721560829508234746754169464111328125, 0, 0.04461443424224853515625, 0.0000000022269792676610222770250402390956878662109375, 0.999004304409027099609375, 0, -0.0000006103515488575794734060764312744140625, 0.00000030517577442878973670303821563720703125, -0.000000152587887214394868351519107818603515625, 1, },
			{ 0.998717844486236572265625, 0.0000000009364384823129512369632720947265625, -0.0506243370473384857177734375, 0, -0.000000000501163555099992663599550724029541015625, 1, -0.0000000011685639123015789664350450038909912109375, 0, 0.0506243370473384857177734375, 0.0000000025299813355417200000374577939510345458984375, 0.998717844486236572265625, 0, -0.0000006103515488575794734060764312744140625, 0.00000030517577442878973670303821563720703125, -0.000000152587887214394868351519107818603515625, 1, },
			{ 0.998380601406097412109375, 0.000000001043471087314173928461968898773193359375, -0.0568883083760738372802734375, 0, -0.000000000567338120927018962902366183698177337646484375, 1, -0.00000000131149402449182161944918334484100341796875, 0, 0.0568883083760738372802734375, 0.0000000028465532153632011613808572292327880859375, 0.998380601406097412109375, 0, -0.0000006103515488575794734060764312744140625, 0.00000030517577442878973670303821563720703125, -0.000000152587887214394868351519107818603515625, 1, },
			{ 0.997989237308502197265625, 0.00000000115237952513780328445136547088623046875, -0.063382498919963836669921875, 0, -0.0000000006369162974806386046111583709716796875, 1, -0.00000000145928857886445939584518782794475555419921875, 0, 0.063382498919963836669921875, 0.0000000031755840179670258294208906590938568115234375, 0.997989237308502197265625, 0, -0.0000006103515488575794734060764312744140625, 0.00000030517577442878973670303821563720703125, -0.000000152587887214394868351519107818603515625, 1, },
			{ 0.997541368007659912109375, 0.0000000012624923328985460102558135986328125, -0.070079505443572998046875, 0, -0.0000000007097042953319032676517963409423828125, 1, -0.00000000161128521636300092723104171454906463623046875, 0, 0.070079505443572998046875, 0.0000000035157672328978151199407875537872314453125, 0.997541368007659912109375, 0, -0.0000006103515488575794734060764312744140625, 0.00000030517577442878973670303821563720703125, -0.000000152587887214394868351519107818603515625, 1, },
			{ 0.997034728527069091796875, 0.000000001373177127561575616709887981414794921875, -0.07695282995700836181640625, 0, -0.000000000785501441669111954979598522186279296875, 1, -0.00000000176684711306052122381515800952911376953125, 0, 0.07695282995700836181640625, 0.000000003865835651595261879265308380126953125, 0.997034728527069091796875, 0, -0.0000006103515488575794734060764312744140625, 0.00000030517577442878973670303821563720703125, -0.000000152587887214394868351519107818603515625, 1, },
			{ 0.99646794795989990234375, 0.000000001483812184233102016150951385498046875, -0.08397419750690460205078125, 0, -0.0000000008640821391736608347855508327484130859375, 1, -0.00000000192530169584870236576534807682037353515625, 0, 0.08397419750690460205078125, 0.000000004224414595910275238566100597381591796875, 0.99646794795989990234375, 0, -0.0000006103515488575794734060764312744140625, 0.00000030517577442878973670303821563720703125, -0.000000152587887214394868351519107818603515625, 1, },
			{ 0.995840132236480712890625, 0.00000000159381829956117826441186480224132537841796875, -0.0911164581775665283203125, 0, -0.0000000009452048033153914730064570903778076171875, 1, -0.00000000208600692275240362505428493022918701171875, 0, 0.0911164581775665283203125, 0.0000000045901771272838232107460498809814453125, 0.995840132236480712890625, 0, -0.0000006103515488575794734060764312744140625, 0.00000030517577442878973670303821563720703125, -0.000000152587887214394868351519107818603515625, 1, },
			{ 0.995151996612548828125, 0.00000000170262726140180120637523941695690155029296875, -0.098349489271640777587890625, 0, -0.0000000010285905460705180303193628787994384765625, 1, -0.0000000022482662398459751784685067832469940185546875, 0, 0.098349489271640777587890625, 0.00000000496162844143555048503912985324859619140625, 0.995151996612548828125, 0, -0.0000006103515488575794734060764312744140625, 0.00000030517577442878973670303821563720703125, -0.000000152587887214394868351519107818603515625, 1, },
			{ 0.99440395832061767578125, 0.00000000180971315710820590538787655532360076904296875, -0.10564498603343963623046875, 0, -0.0000000011139462685605394653975963592529296875, 1, -0.0000000024114246155448881836491636931896209716796875, 0, 0.10564498603343963623046875, 0.000000005337348785161566411261446774005889892578125, 0.99440395832061767578125, 0, -0.0000006103515488575794734060764312744140625, 0.00000030517577442878973670303821563720703125, -0.000000152587887214394868351519107818603515625, 1, },
			{ 0.99359798431396484375, 0.000000001914582270501341554336249828338623046875, -0.11297373473644256591796875, 0, -0.000000001200962884695400134660303592681884765625, 1, -0.00000000257482124510488574742339551448822021484375, 0, 0.11297373473644256591796875, 0.000000005715860229571489981026388704776763916015625, 0.99359798431396484375, 0, -0.0000006103515488575794734060764312744140625, 0.00000030517577442878973670303821563720703125, -0.000000152587887214394868351519107818603515625, 1, },
			{ 0.992736756801605224609375, 0.00000000201680450118146836757659912109375, -0.12030644714832305908203125, 0, -0.00000000128930455201015092825400643050670623779296875, 1, -0.0000000027377928812910568012739531695842742919921875, 0, 0.12030644714832305908203125, 0.000000006095657312243929482065141201019287109375, 0.992736756801605224609375, 0, -0.0000006103515488575794734060764312744140625, 0.00000030517577442878973670303821563720703125, -0.000000152587887214394868351519107818603515625, 1, },
			{ 0.991823971271514892578125, 0.0000000021159569651985066229826770722866058349609375, -0.127613365650177001953125, 0, -0.0000000013786092267764615826308727264404296875, 1, -0.0000000028996864909203168281237594783306121826171875, 0, 0.127613365650177001953125, 0.000000006475200819977544597350060939788818359375, 0.991823971271514892578125, 0, -0.0000006103515488575794734060764312744140625, 0.00000030517577442878973670303821563720703125, -0.000000152587887214394868351519107818603515625, 1, },
			{ 0.990863800048828125, 0.00000000221171347902782144956290721893310546875, -0.13486658036708831787109375, 0, -0.000000001468521304559544660151004791259765625, 1, -0.00000000305988390181255454081110656261444091796875, 0, 0.13486658036708831787109375, 0.0000000068530194852201020694337785243988037109375, 0.990863800048828125, 0, -0.0000006103515488575794734060764312744140625, 0.00000030517577442878973670303821563720703125, -0.000000152587887214394868351519107818603515625, 1, },
			{ 0.98986148834228515625, 0.0000000023037249885504706981009803712368011474609375, -0.14203612506389617919921875, 0, -0.0000000015586341106654799659736454486846923828125, 1, -0.0000000032177396303012528733233921229839324951171875, 0, 0.14203612506389617919921875, 0.0000000072275323503845356754027307033538818359375, 0.98986148834228515625, 0, -0.0000006103515488575794734060764312744140625, 0.00000030517577442878973670303821563720703125, -0.000000152587887214394868351519107818603515625, 1, },
			{ 0.988822996616363525390625, 0.00000000239175079741471563465893268585205078125, -0.149094164371490478515625, 0, -0.000000001648555070232760044746100902557373046875, 1, -0.00000000337265770866679304162971675395965576171875, 0, 0.149094164371490478515625, 0.0000000075972419466552310041151940822601318359375, 0.988822996616363525390625, 0, -0.0000006103515488575794734060764312744140625, 0.00000030517577442878973670303821563720703125, -0.000000152587887214394868351519107818603515625, 1, },
			{ 0.987755119800567626953125, 0.00000000247555220767026185058057308197021484375, -0.156012356281280517578125, 0, -0.00000000173785774659762637384119443595409393310546875, 1, -0.0000000035240403928327168614487163722515106201171875, 0, 0.156012356281280517578125, 0.00000000796061438990136593929491937160491943359375, 0.987755119800567626953125, 0, -0.0000006103515488575794734060764312744140625, 0.00000030517577442878973670303821563720703125, -0.000000152587887214394868351519107818603515625, 1, },
			{ 0.9866650104522705078125, 0.000000002554973121959847048856317996978759765625, -0.1627641022205352783203125, 0, -0.00000000182612847066110361993196420371532440185546875, 1, -0.00000000367133612400039055501110851764678955078125, 0, 0.1627641022205352783203125, 0.000000008316188626622533774934709072113037109375, 0.9866650104522705078125, 0, -0.0000006103515488575794734060764312744140625, 0.00000030517577442878973670303821563720703125, -0.000000152587887214394868351519107818603515625, 1, },
			{ 0.98556053638458251953125, 0.000000002629871431736319209448993206024169921875, -0.1693228185176849365234375, 0, -0.0000000019129391404248963226564228534698486328125, 1, -0.000000003813998006307883770205080509185791015625, 0, 0.1693228185176849365234375, 0.00000000866249738606938990415073931217193603515625, 0.98556053638458251953125, 0, -0.0000006103515488575794734060764312744140625, 0.00000030517577442878973670303821563720703125, -0.000000152587887214394868351519107818603515625, 1, },
			{ 0.98445034027099609375, 0.000000002700165424585065920837223529815673828125, -0.17566271126270294189453125, 0, -0.0000000019978454446345494943670928478240966796875, 1, -0.00000000395150134835375865804962813854217529296875, 0, 0.17566271126270294189453125, 0.00000000899809293741782312281429767608642578125, 0.98445034027099609375, 0, -0.0000006103515488575794734060764312744140625, 0.00000030517577442878973670303821563720703125, -0.000000152587887214394868351519107818603515625, 1, },
			{ 0.983343064785003662109375, 0.0000000027657875989461899735033512115478515625, -0.18175901472568511962890625, 0, -0.0000000020804176159572307369671761989593505859375, 1, -0.00000000408335321111508164904080331325531005859375, 0, 0.18175901472568511962890625, 0.0000000093215799523704845341853797435760498046875, 0.983343064785003662109375, 0, -0.0000006103515488575794734060764312744140625, 0.00000030517577442878973670303821563720703125, -0.000000152587887214394868351519107818603515625, 1, },
			{ 0.982247769832611083984375, 0.000000002826720191251297364942729473114013671875, -0.187587916851043701171875, 0, -0.0000000021602186706104475888423621654510498046875, 1, -0.000000004209079751404942726367153227329254150390625, 0, 0.187587916851043701171875, 0.00000000963160129430207234690897166728973388671875, 0.982247769832611083984375, 0, -0.0000006103515488575794734060764312744140625, 0.00000030517577442878973670303821563720703125, -0.000000152587887214394868351519107818603515625, 1, },
			{ 0.98117363452911376953125, 0.0000000028829878484515347736305557191371917724609375, -0.1931274235248565673828125, 0, -0.0000000022368329410937803913839161396026611328125, 1, -0.00000000432825597584951538010500371456146240234375, 0, 0.1931274235248565673828125, 0.00000000992688509171557598165236413478851318359375, 0.98117363452911376953125, 0, -0.0000006103515488575794734060764312744140625, 0.00000030517577442878973670303821563720703125, -0.000000152587887214394868351519107818603515625, 1, },
			{ 0.98013019561767578125, 0.00000000293461965839014737866818904876708984375, -0.19835565984249114990234375, 0, -0.0000000023098376544794518849812448024749755859375, 1, -0.00000000444045777925339280045591294765472412109375, 0, 0.19835565984249114990234375, 0.0000000102061630258276636595837771892547607421875, 0.98013019561767578125, 0, -0.0000006103515488575794734060764312744140625, 0.00000030517577442878973670303821563720703125, -0.000000152587887214394868351519107818603515625, 1, },
			{ 0.97912633419036865234375, 0.00000000298167179835218121297657489776611328125, -0.20325241982936859130859375, 0, -0.0000000023788278014080788125284016132354736328125, 1, -0.0000000045453010244500546832568943500518798828125, 0, 0.20325241982936859130859375, 0.00000001046825826023223271477036178112030029296875, 0.97912633419036865234375, 0, -0.0000006103515488575794734060764312744140625, 0.00000030517577442878973670303821563720703125, -0.000000152587887214394868351519107818603515625, 1, },
			{ 0.97817134857177734375, 0.0000000030242401916069638900808058679103851318359375, -0.20780004560947418212890625, 0, -0.000000002443432123300226521678268909454345703125, 1, -0.000000004642455309067372581921517848968505859375, 0, 0.20780004560947418212890625, 0.00000001071211652714509909856133162975311279296875, 0.97817134857177734375, 0, -0.0000006103515488575794734060764312744140625, 0.00000030517577442878973670303821563720703125, -0.000000152587887214394868351519107818603515625, 1, },
			{ 0.977273643016815185546875, 0.0000000030624176527993540730676613748073577880859375, -0.21198165416717529296875, 0, -0.0000000025032915740297312368056736886501312255859375, 1, -0.00000000473160977065845145261846482753753662109375, 0, 0.21198165416717529296875, 0.0000000109367324085951622691936790943145751953125, 0.977273643016815185546875, 0, -0.0000006103515488575794734060764312744140625, 0.00000030517577442878973670303821563720703125, -0.000000152587887214394868351519107818603515625, 1, },
			{ 0.976442158222198486328125, 0.000000003096289447057642973959445953369140625, -0.2157795727252960205078125, 0, -0.0000000025580373375078124809078872203826904296875, 1, -0.000000004812431342315903748385608196258544921875, 0, 0.2157795727252960205078125, 0.0000000111410596304040154791437089443206787109375, 0.976442158222198486328125, 0, -0.0000006103515488575794734060764312744140625, 0.00000030517577442878973670303821563720703125, -0.000000152587887214394868351519107818603515625, 1, },
			{ 0.975683987140655517578125, 0.0000000031259828059404526356956921517848968505859375, -0.2191818058490753173828125, 0, -0.0000000026073860848185859140357933938503265380859375, 1, -0.00000000488471041393268023966811597347259521484375, 0, 0.2191818058490753173828125, 0.00000001132435922812646822421811521053314208984375, 0.975683987140655517578125, 0, -0.0000006103515488575794734060764312744140625, 0.00000030517577442878973670303821563720703125, -0.000000152587887214394868351519107818603515625, 1, },
			{ 0.97500669956207275390625, 0.0000000031515907661372466463944874703884124755859375, -0.22217516601085662841796875, 0, -0.0000000026510438289051307947374880313873291015625, 1, -0.000000004948208953692301292903721332550048828125, 0, 0.22217516601085662841796875, 0.000000011485834505720049492083489894866943359375, 0.97500669956207275390625, 0, -0.0000006103515488575794734060764312744140625, 0.00000030517577442878973670303821563720703125, -0.000000152587887214394868351519107818603515625, 1, },
			{ 0.974417030811309814453125, 0.000000003173223461772067821584641933441162109375, -0.2247477471828460693359375, 0, -0.000000002688747002821401110850274562835693359375, 1, -0.00000000500270669334668127703480422496795654296875, 0, 0.2247477471828460693359375, 0.0000000116247615977727036806754767894744873046875, 0.974417030811309814453125, 0, -0.0000006103515488575794734060764312744140625, 0.00000030517577442878973670303821563720703125, -0.000000152587887214394868351519107818603515625, 1, },
			{ 0.973920047283172607421875, 0.0000000031909797026941078001982532441616058349609375, -0.22689150273799896240234375, 0, -0.0000000027202897712186313583515584468841552734375, 1, -0.00000000504807129431128487340174615383148193359375, 0, 0.22689150273799896240234375, 0.000000011740638683477300219237804412841796875, 0.973920047283172607421875, 0, -0.0000006103515488575794734060764312744140625, 0.00000030517577442878973670303821563720703125, -0.000000152587887214394868351519107818603515625, 1, },
			{ 0.973520696163177490234375, 0.0000000032049418674517937688506208360195159912109375, -0.2285988330841064453125, 0, -0.0000000027454962747697209124453365802764892578125, 1, -0.00000000508416686528789796284399926662445068359375, 0, 0.2285988330841064453125, 0.0000000118329968046282374416477978229522705078125, 0.973520696163177490234375, 0, -0.0000006103515488575794734060764312744140625, 0.00000030517577442878973670303821563720703125, -0.000000152587887214394868351519107818603515625, 1, },
			{ 0.97322285175323486328125, 0.0000000032151916684597381390631198883056640625, -0.22986365854740142822265625, 0, -0.0000000027642170774555552270612679421901702880859375, 1, -0.00000000511088682486615653033368289470672607421875, 0, 0.22986365854740142822265625, 0.0000000119014575972187230945564806461334228515625, 0.97322285175323486328125, 0, -0.0000006103515488575794734060764312744140625, 0.00000030517577442878973670303821563720703125, -0.000000152587887214394868351519107818603515625, 1, },
			{ 0.973029315471649169921875, 0.000000003221760636051840265281498432159423828125, -0.2306810319423675537109375, 0, -0.000000002776335605858548660762608051300048828125, 1, -0.00000000512814946063144816434942185878753662109375, 0, 0.2306810319423675537109375, 0.000000011945719080586059135384857654571533203125, 0.973029315471649169921875, 0, -0.0000006103515488575794734060764312744140625, 0.00000030517577442878973670303821563720703125, -0.000000152587887214394868351519107818603515625, 1, },
			{ 0.972941875457763671875, 0.0000000032247162717879973570234142243862152099609375, -0.23104967176914215087890625, 0, -0.0000000027818085612807408324442803859710693359375, 1, -0.00000000513592990358802126138471066951751708984375, 0, 0.23104967176914215087890625, 0.000000011965685331460917950607836246490478515625, 0.972941875457763671875, 0, -0.0000006103515488575794734060764312744140625, 0.00000030517577442878973670303821563720703125, -0.000000152587887214394868351519107818603515625, 1, },
			{ 0.9729611873626708984375, 0.0000000032240661251847768653533421456813812255859375, -0.2309686243534088134765625, 0, -0.0000000027806039692990225375979207456111907958984375, 1, -0.00000000513421927195167882018722593784332275390625, 0, 0.2309686243534088134765625, 0.000000011961294177353920531459152698516845703125, 0.9729611873626708984375, 0, -0.0000006103515488575794734060764312744140625, 0.00000030517577442878973670303821563720703125, -0.000000152587887214394868351519107818603515625, 1, },
			{ 0.973086893558502197265625, 0.000000003219810196242178790271282196044921875, -0.23043818771839141845703125, 0, -0.000000002772733154188244952820241451263427734375, 1, -0.00000000512302111843609964125789701938629150390625, 0, 0.23043818771839141845703125, 0.0000000119325687109039790811948478221893310546875, 0.973086893558502197265625, 0, -0.0000006103515488575794734060764312744140625, 0.00000030517577442878973670303821563720703125, -0.000000152587887214394868351519107818603515625, 1, },
			{ 0.973317682743072509765625, 0.0000000032119442661127095561823807656764984130859375, -0.22946178913116455078125, 0, -0.00000000275826295137449051253497600555419921875, 1, -0.00000000510240028006592183373868465423583984375, 0, 0.22946178913116455078125, 0.000000011879702555006588227115571498870849609375, 0.973317682743072509765625, 0, -0.0000006103515488575794734060764312744140625, 0.00000030517577442878973670303821563720703125, -0.000000152587887214394868351519107818603515625, 1, },
			{ 0.9736511707305908203125, 0.0000000032004121575113231301656924188137054443359375, -0.22804261744022369384765625, 0, -0.0000000027372750732723716282634995877742767333984375, 1, -0.00000000507241093572474710526876151561737060546875, 0, 0.22804261744022369384765625, 0.0000000118029017670551183982752263545989990234375, 0.9736511707305908203125, 0, -0.0000006103515488575794734060764312744140625, 0.00000030517577442878973670303821563720703125, -0.000000152587887214394868351519107818603515625, 1, },
			{ 0.97408390045166015625, 0.000000003185167685160195105709135532379150390625, -0.226186931133270263671875, 0, -0.0000000027099105182060156948864459991455078125, 1, -0.00000000503316766042871677200309932231903076171875, 0, 0.226186931133270263671875, 0.0000000117025447110563618480227887630462646484375, 0.97408390045166015625, 0, -0.0000006103515488575794734060764312744140625, 0.00000030517577442878973670303821563720703125, -0.000000152587887214394868351519107818603515625, 1, },
			{ 0.974611461162567138671875, 0.0000000031661568922203287002048455178737640380859375, -0.22390295565128326416015625, 0, -0.0000000026763460336809430373250506818294525146484375, 1, -0.0000000049848178917955010547302663326263427734375, 0, 0.22390295565128326416015625, 0.00000001157912521421167184598743915557861328125, 0.974611461162567138671875, 0, -0.0000006103515488575794734060764312744140625, 0.00000030517577442878973670303821563720703125, -0.000000152587887214394868351519107818603515625, 1, },
			{ 0.975228846073150634765625, 0.0000000031432845215562110752216540277004241943359375, -0.2211980521678924560546875, 0, -0.000000002636767248986870981752872467041015625, 1, -0.00000000492749041569595647160895168781280517578125, 0, 0.2211980521678924560546875, 0.0000000114331033529424530570395290851593017578125, 0.975228846073150634765625, 0, -0.0000006103515488575794734060764312744140625, 0.00000030517577442878973670303821563720703125, -0.000000152587887214394868351519107818603515625, 1, },
			{ 0.97592985630035400390625, 0.000000003116468860753229819238185882568359375, -0.21808445453643798828125, 0, -0.000000002591438175159055390395224094390869140625, 1, -0.000000004861410385359477004385553300380706787109375, 0, 0.21808445453643798828125, 0.0000000112652127626233777846209704875946044921875, 0.97592985630035400390625, 0, -0.0000006103515488575794734060764312744140625, 0.00000030517577442878973670303821563720703125, -0.000000152587887214394868351519107818603515625, 1, },
			{ 0.976707994937896728515625, 0.000000003085606437025489867664873600006103515625, -0.21457278728485107421875, 0, -0.0000000025406041714859384228475391864776611328125, 1, -0.00000000478676565052182922954671084880828857421875, 0, 0.21457278728485107421875, 0.0000000110761018135008271201513707637786865234375, 0.976707994937896728515625, 0, -0.0000006103515488575794734060764312744140625, 0.00000030517577442878973670303821563720703125, -0.000000152587887214394868351519107818603515625, 1, },
			{ 0.977555930614471435546875, 0.0000000030506015491482685320079326629638671875, -0.210676252841949462890625, 0, -0.0000000024845581148014161954051814973354339599609375, 1, -0.000000004703795131177912480779923498630523681640625, 0, 0.210676252841949462890625, 0.00000001086657253068779027671553194522857666015625, 0.977555930614471435546875, 0, -0.0000006103515488575794734060764312744140625, 0.00000030517577442878973670303821563720703125, -0.000000152587887214394868351519107818603515625, 1, },
			{ 0.978465378284454345703125, 0.000000003011354721138559398241341114044189453125, -0.2064107954502105712890625, 0, -0.0000000024236417317524683312512934207916259765625, 1, -0.00000000461279636709832630003802478313446044921875, 0, 0.2064107954502105712890625, 0.00000001063757348873650698806159198284149169921875, 0.978465378284454345703125, 0, -0.0000006103515488575794734060764312744140625, 0.00000030517577442878973670303821563720703125, -0.000000152587887214394868351519107818603515625, 1, },
			{ 0.9794285297393798828125, 0.0000000029677662549687511273077689111232757568359375, -0.20179136097431182861328125, 0, -0.000000002358181205863729701377451419830322265625, 1, -0.00000000451404336132554817595519125461578369140625, 0, 0.20179136097431182861328125, 0.00000001039000352420771378092467784881591796875, 0.9794285297393798828125, 0, -0.0000006103515488575794734060764312744140625, 0.00000030517577442878973670303821563720703125, -0.000000152587887214394868351519107818603515625, 1, },
			{ 0.98043644428253173828125, 0.0000000029197584350271199582493863999843597412109375, -0.19683597981929779052734375, 0, -0.000000002288548017759239883162081241607666015625, 1, -0.0000000044078714012130149058066308498382568359375, 0, 0.19683597981929779052734375, 0.00000001012492756302663110545836389064788818359375, 0.98043644428253173828125, 0, -0.0000006103515488575794734060764312744140625, 0.00000030517577442878973670303821563720703125, -0.000000152587887214394868351519107818603515625, 1, },
			{ 0.981480419635772705078125, 0.0000000028672528795681273550144396722316741943359375, -0.1915621459484100341796875, 0, -0.0000000022151080969479153282009065151214599609375, 1, -0.00000000429461000095443523605354130268096923828125, 0, 0.1915621459484100341796875, 0.00000000984338033305220960755832493305206298828125, 0.981480419635772705078125, 0, -0.0000006103515488575794734060764312744140625, 0.00000030517577442878973670303821563720703125, -0.000000152587887214394868351519107818603515625, 1, },
			{ 0.98255145549774169921875, 0.00000000281020362535855383612215518951416015625, -0.18599088490009307861328125, 0, -0.0000000021382700055028180941008031368255615234375, 1, -0.00000000417466505808761212392710149288177490234375, 0, 0.18599088490009307861328125, 0.00000000954658840868205516017042100429534912109375, 0.98255145549774169921875, 0, -0.0000006103515488575794734060764312744140625, 0.00000030517577442878973670303821563720703125, -0.000000152587887214394868351519107818603515625, 1, },
			{ 0.9836406707763671875, 0.0000000027485640430313651449978351593017578125, -0.180141746997833251953125, 0, -0.0000000020584227655717768357135355472564697265625, 1, -0.00000000404841049572723932215012609958648681640625, 0, 0.180141746997833251953125, 0.000000009235687770114964223466813564300537109375, 0.9836406707763671875, 0, -0.0000006103515488575794734060764312744140625, 0.00000030517577442878973670303821563720703125, -0.000000152587887214394868351519107818603515625, 1, },
			{ 0.984738886356353759765625, 0.000000002682352118199560209177434444427490234375, -0.1740383207798004150390625, 0, -0.0000000019759962555099264136515557765960693359375, 1, -0.00000000391630816665156089584343135356903076171875, 0, 0.1740383207798004150390625, 0.000000008912028448548880987800657749176025390625, 0.984738886356353759765625, 0, -0.0000006103515488575794734060764312744140625, 0.00000030517577442878973670303821563720703125, -0.000000152587887214394868351519107818603515625, 1, },
			{ 0.9858376979827880859375, 0.0000000026115676288185341036296449601650238037109375, -0.1677016317844390869140625, 0, -0.0000000018913848265356136835180222988128662109375, 1, -0.00000000377877373836099650361575186252593994140625, 0, 0.1677016317844390869140625, 0.00000000857681481392091882298700511455535888671875, 0.9858376979827880859375, 0, -0.0000006103515488575794734060764312744140625, 0.00000030517577442878973670303821563720703125, -0.000000152587887214394868351519107818603515625, 1, },
			{ 0.986928761005401611328125, 0.000000002536278742581998812966048717498779296875, -0.16115681827068328857421875, 0, -0.000000001805016580647134105674922466278076171875, 1, -0.00000000363631169619793581659905612468719482421875, 0, 0.16115681827068328857421875, 0.0000000082314581817399812280200421810150146484375, 0.986928761005401611328125, 0, -0.0000006103515488575794734060764312744140625, 0.00000030517577442878973670303821563720703125, -0.000000152587887214394868351519107818603515625, 1, },
			{ 0.988004148006439208984375, 0.0000000024565733891535046495846472680568695068359375, -0.1544277369976043701171875, 0, -0.000000001717300079917549737729132175445556640625, 1, -0.00000000348940698557953510317020118236541748046875, 0, 0.1544277369976043701171875, 0.00000000787729703688455629162490367889404296875, 0.988004148006439208984375, 0, -0.0000006103515488575794734060764312744140625, 0.00000030517577442878973670303821563720703125, -0.000000152587887214394868351519107818603515625, 1, },
			{ 0.98905599117279052734375, 0.000000002372591012544944533146917819976806640625, -0.1475406587123870849609375, 0, -0.000000001628659873631477239541709423065185546875, 1, -0.0000000033386005071633917395956814289093017578125, 0, 0.1475406587123870849609375, 0.0000000075157817747140143183059990406036376953125, 0.98905599117279052734375, 0, -0.0000006103515488575794734060764312744140625, 0.00000030517577442878973670303821563720703125, -0.000000152587887214394868351519107818603515625, 1, },
			{ 0.990077674388885498046875, 0.00000000228448726602437091059982776641845703125, -0.1405203640460968017578125, 0, -0.000000001539479654866227065213024616241455078125, 1, -0.00000000318440829261135149863548576831817626953125, 0, 0.1405203640460968017578125, 0.000000007148267311407607849105261266231536865234375, 0.990077674388885498046875, 0, -0.0000006103515488575794734060764312744140625, 0.00000030517577442878973670303821563720703125, -0.000000152587887214394868351519107818603515625, 1, },
			{ 0.991062819957733154296875, 0.00000000219250040345286834053695201873779296875, -0.1333952248096466064453125, 0, -0.000000001450178643835897673852741718292236328125, 1, -0.0000000030274278639552676395396701991558074951171875, 0, 0.1333952248096466064453125, 0.0000000067762915278990476508624851703643798828125, 0.991062819957733154296875, 0, -0.0000006103515488575794734060764312744140625, 0.00000030517577442878973670303821563720703125, -0.000000152587887214394868351519107818603515625, 1, },
			{ 0.992005884647369384765625, 0.000000002096879114787952858023345470428466796875, -0.12619163095951080322265625, 0, -0.000000001361133428190441918559372425079345703125, 1, -0.00000000286822743333914331742562353610992431640625, 0, 0.12619163095951080322265625, 0.0000000064012670719648667727597057819366455078125, 0.992005884647369384765625, 0, -0.0000006103515488575794734060764312744140625, 0.00000030517577442878973670303821563720703125, -0.000000152587887214394868351519107818603515625, 1, },
			{ 0.992901742458343505859375, 0.0000000019979251586477175806066952645778656005859375, -0.118937529623508453369140625, 0, -0.0000000012727152665092944516800343990325927734375, 1, -0.00000000270740851959772044210694730281829833984375, 0, 0.118937529623508453369140625, 0.000000006024673648852285623433999717235565185546875, 0.992901742458343505859375, 0, -0.0000006103515488575794734060764312744140625, 0.00000030517577442878973670303821563720703125, -0.000000152587887214394868351519107818603515625, 1, },
