function data()
return { 
		times = { 0, 41.667000000000001591615728102624416351318359375, 83.332999999999998408384271897375583648681640625, 125, 166.667000000000001591615728102624416351318359375, 208.332999999999998408384271897375583648681640625, 250, 291.66699999999997316990629769861698150634765625, 333.33300000000002683009370230138301849365234375, 375, 416.66699999999997316990629769861698150634765625, 458.33300000000002683009370230138301849365234375, 500, 541.6670000000000300133251585066318511962890625, 583.3329999999999699866748414933681488037109375, 625, 666.6670000000000300133251585066318511962890625, 708.3329999999999699866748414933681488037109375, 750, 791.6670000000000300133251585066318511962890625, 833.3329999999999699866748414933681488037109375, 875, 916.6670000000000300133251585066318511962890625, 958.3329999999999699866748414933681488037109375, 1000, 1041.66699999999991632648743689060211181640625, 1083.33300000000008367351256310939788818359375, 1125, 1166.66699999999991632648743689060211181640625, 1208.33300000000008367351256310939788818359375, 1250, 1291.66699999999991632648743689060211181640625, 1333.33300000000008367351256310939788818359375, 1375, 1416.66699999999991632648743689060211181640625, 1458.33300000000008367351256310939788818359375, 1500, 1541.66699999999991632648743689060211181640625, 1583.33300000000008367351256310939788818359375, 1625, 1666.66699999999991632648743689060211181640625, 1708.33300000000008367351256310939788818359375, 1750, 1791.66699999999991632648743689060211181640625, 1833.33300000000008367351256310939788818359375, 1875, 1916.66699999999991632648743689060211181640625, 1958.33300000000008367351256310939788818359375, 2000, 2041.66699999999991632648743689060211181640625, 2083.33300000000008367351256310939788818359375, 2125, 2166.66699999999991632648743689060211181640625, 2208.33300000000008367351256310939788818359375, 2250, 2291.66699999999991632648743689060211181640625, 2333.33300000000008367351256310939788818359375, 2375, 2416.66699999999991632648743689060211181640625, 2458.33300000000008367351256310939788818359375, 2500, 2541.66699999999991632648743689060211181640625, 2583.33300000000008367351256310939788818359375, 2625, 2666.66699999999991632648743689060211181640625, 2708.33300000000008367351256310939788818359375, 2750, 2791.66699999999991632648743689060211181640625, 2833.33300000000008367351256310939788818359375, 2875, 2916.66699999999991632648743689060211181640625, 2958.33300000000008367351256310939788818359375, 3000, 3041.66699999999991632648743689060211181640625, 3083.33300000000008367351256310939788818359375, 3125, 3166.66699999999991632648743689060211181640625, 3208.33300000000008367351256310939788818359375, 3250, 3291.66699999999991632648743689060211181640625, 3333.33300000000008367351256310939788818359375, 3375, 3416.66699999999991632648743689060211181640625, 3458.33300000000008367351256310939788818359375, 3500, 3541.66699999999991632648743689060211181640625, 3583.33300000000008367351256310939788818359375, 3625, 3666.66699999999991632648743689060211181640625, 3708.33300000000008367351256310939788818359375, 3750, 3791.66699999999991632648743689060211181640625, 3833.33300000000008367351256310939788818359375, 3875, 3916.66699999999991632648743689060211181640625, 3958.33300000000008367351256310939788818359375, 4000, 4041.66699999999991632648743689060211181640625, 4083.33300000000008367351256310939788818359375, 4125, 4166.6670000000003710738383233547210693359375, },
		transfs = {
			{ 1, -0.000000000000000055511151231257827021181583404541015625, 0.0000000000000000045255870221582571589612892237752816981810610741, 0, 0.000000000000000055511151231257827021181583404541015625, 1, 0, 0, 0.0000000000000000045255870221582571589612892237752816981810610741, 0, 1, 0, -0.0000006103515488575794734060764312744140625, 0, 0, 1, },
			{ 1, -0.000000000001143585226515142494463361799716949462890625, 0.00015768813318572938442230224609375, 0, 0.000000000001143585226515142494463361799716949462890625, 1, -0.000000000000098143715376863838173449039459228515625, 0, -0.00015768813318572938442230224609375, 0.00000000000009858780458671390078961849212646484375, 1, 0, -0.016121216118335723876953125, 0, 0, 1, },
			{ 0.99999916553497314453125, -0.00000000000942623756827742909081280231475830078125, 0.00129988859407603740692138671875, 0, 0.000000000009427292280150822989526204764842987060546875, 1, -0.0000000000008051336832480548988399959853268228471279144287109375, 0, -0.00129988859407603740692138671875, 0.000000000000817568235333965276367962360382080078125, 0.99999916553497314453125, 0, -0.03208862245082855224609375, 0, 0, 1, },
			{ 0.999994218349456787109375, -0.00000000002461453089963594464961715857498347759246826171875, 0.00339468778111040592193603515625, 0, 0.00000000002462169183814477690930289099924266338348388671875, 1, -0.0000000000020765611452588927932083606719970703125, 0, -0.00339468778111040592193603515625, 0.0000000000021600499167107045650482177734375, 0.999994218349456787109375, 0, -0.0478405766189098358154296875, 0, 0, 1, },
			{ 0.999979496002197265625, -0.000000000046384396323873033907148055732250213623046875, 0.0063978875987231731414794921875, 0, 0.00000000004640987594228818124975077807903289794921875, 1, -0.00000000000384403620046214200556278228759765625, 0, -0.0063978875987231731414794921875, 0.000000000004141131881851833895780146121978759765625, 0.999979496002197265625, 0, -0.06332091987133026123046875, 0, 0, 1, },
			{ 0.99994742870330810546875, -0.000000000074325046117706961013027466833591461181640625, 0.010253502987325191497802734375, 0, 0.00000000007439060478731107650673948228359222412109375, 1, -0.00000000000601740879346834844909608364105224609375, 0, -0.010253502987325191497802734375, 0.000000000006779909966780905961059033870697021484375, 0.99994742870330810546875, 0, -0.078469239175319671630859375, 0, 0, 1, },
			{ 0.999889075756072998046875, -0.0000000001079436540152300949557684361934661865234375, 0.014894337393343448638916015625, 0, 0.000000000108082043315249620718532241880893707275390625, 1, -0.000000000008490541603123347158543765544891357421875, 0, -0.014894337393343448638916015625, 0.000000000010099031853838535965905975899659097194671630859375, 0.999889075756072998046875, 0, -0.09323181211948394775390625, 0, 0, 1, },
			{ 0.99979507923126220703125, -0.000000000146675838141874237408046610653400421142578125, 0.02024336345493793487548828125, 0, 0.000000000146931522504445410959306173026561737060546875, 1, -0.000000000011147083256446421728469431400299072265625, 0, -0.02024336345493793487548828125, 0.000000000014118928248763040755875408649444580078125, 0.99979507923126220703125, 0, -0.10755614936351776123046875, 0, 0, 1, },
			{ 0.99965631961822509765625, -0.00000000018989347594366989824266056530177593231201171875, 0.026214770972728729248046875, 0, 0.00000000019032238285365821184313972480595111846923828125, 1, -0.000000000013867128799416317264103781781159341335296630859375, 0, -0.026214770972728729248046875, 0.00000000001885158695813515805639326572418212890625, 0.99965631961822509765625, 0, -0.1213928163051605224609375, 0, 0, 1, },
			{ 0.9994647502899169921875, -0.000000000236910768780518310450133867561817169189453125, 0.032714664936065673828125, 0, 0.0000000002375787622188596515115932561457157135009765625, 1, -0.000000000016533885371927681262604892253875732421875, 0, -0.032714664936065673828125, 0.000000000024297452938526475918479263782501220703125, 0.9994647502899169921875, 0, -0.1346960365772247314453125, 0, 0, 1, },
			{ 0.9992139339447021484375, -0.000000000286993262488266509535606019198894500732421875, 0.0396423228085041046142578125, 0, 0.0000000002879743110639765291125513613224029541015625, 1, -0.000000000019038548515482034417800605297088623046875, 0, -0.0396423228085041046142578125, 0.000000000030439206710752841900102794170379638671875, 0.9992139339447021484375, 0, -0.1474188268184661865234375, 0, 0, 1, },
			{ 0.998899996280670166015625, -0.000000000339366257318118869079626165330410003662109375, 0.046891279518604278564453125, 0, 0.000000000340739159110370337657514028251171112060546875, 1, -0.000000000021285639917323351255618035793304443359375, 0, -0.046891279518604278564453125, 0.000000000037239988870396700804121792316436767578125, 0.998899996280670166015625, 0, -0.1591912806034088134765625, 0, 0, 1, },
			{ 0.998521864414215087890625, -0.000000000393229948603135426310473121702671051025390625, 0.0543513037264347076416015625, 0, 0.0000000003950747229364282020469545386731624603271484375, 1, -0.000000000023198776233357421006076037883758544921875, 0, -0.0543513037264347076416015625, 0.000000000044637626928079043864272534847259521484375, 0.998521864414215087890625, 0, -0.1709631383419036865234375, 0, 0, 1, },
			{ 0.99808180332183837890625, -0.0000000004477587467466292991957743652164936065673828125, 0.061908386647701263427734375, 0, 0.000000000450152859432506602388457395136356353759765625, 1, -0.000000000024723778579982536030001938343048095703125, 0, -0.061908386647701263427734375, 0.0000000000525441877508026067289392813108861446380615234375, 0.99808180332183837890625, 0, -0.1813470423221588134765625, 0, 0, 1, },
			{ 0.997585773468017578125, -0.000000000502097530219458576539182104170322418212890625, 0.069444052875041961669921875, 0, 0.00000000050511050897483755761641077697277069091796875, 1, -0.000000000025829560712509191944263875484466552734375, 0, -0.069444052875041961669921875, 0.000000000060844218552347228978760540485382080078125, 0.997585773468017578125, 0, -0.19173033535480499267578125, 0, 0, 1, },
			{ 0.997043192386627197265625, -0.000000000555414436664847244173870421946048736572265625, 0.076842844486236572265625, 0, 0.000000000559104706976398801998584531247615814208984375, 1, -0.000000000026511681738838888122700154781341552734375, 0, -0.076842844486236572265625, 0.000000000069396488555639734840951859951019287109375, 0.997043192386627197265625, 0, -0.200595080852508544921875, 0, 0, 1, },
			{ 0.99646675586700439453125, -0.000000000606869499097939524290268309414386749267578125, 0.083987809717655181884765625, 0, 0.000000000611279304951750646068830974400043487548828125, 1, -0.00000000002679012567341487738303840160369873046875, 0, -0.083987809717655181884765625, 0.000000000078035800044062852975912392139434814453125, 0.99646675586700439453125, 0, -0.209459841251373291015625, 0, 0, 1, },
			{ 0.9958722591400146484375, -0.000000000655646037461821151737240143120288848876953125, 0.090764947235584259033203125, 0, 0.00000000066079763882953557185828685760498046875, 1, -0.00000000002670841325880246586166322231292724609375, 0, -0.090764947235584259033203125, 0.000000000086576072699795503240238758735358715057373046875, 0.9958722591400146484375, 0, -0.21670471131801605224609375, 0, 0, 1, },
			{ 0.995278060436248779296875, -0.00000000070095940163383829712984152138233184814453125, 0.097064554691314697265625, 0, 0.000000000706852854026607246851199306547641754150390625, 1, -0.00000000002633049160649658659849592368118464946746826171875, 0, -0.097064554691314697265625, 0.000000000094816592077773265145879122428596019744873046875, 0.995278060436248779296875, 0, -0.2239495813846588134765625, 0, 0, 1, },
			{ 0.99470388889312744140625, -0.0000000007420626335630231551476754248142242431640625, 0.102781854569911956787109375, 0, 0.000000000748672679407036412158049643039703369140625, 1, -0.000000000025734525621601278544403612613677978515625, 0, -0.102781854569911956787109375, 0.000000000102547748070946909138001501560211181640625, 0.99470388889312744140625, 0, -0.22904662787914276123046875, 0, 0, 1, },
			{ 0.99417018890380859375, -0.000000000778281494806520868223742581903934478759765625, 0.107822157442569732666015625, 0, 0.00000000078555772997646045041619800031185150146484375, 1, -0.00000000002500932620719265031539180199615657329559326171875, 0, -0.107822157442569732666015625, 0.000000000109563906558474144503634306602180004119873046875, 0.99417018890380859375, 0, -0.234143674373626708984375, 0, 0, 1, },
			{ 0.99369716644287109375, -0.000000000808994260470541348695405758917331695556640625, 0.112097956240177154541015625, 0, 0.000000000816860634689220432846923358738422393798828125, 1, -0.000000000024247270857813418842852115631103515625, 0, -0.112097956240177154541015625, 0.00000000011566303470544880838133394718170166015625, 0.99369716644287109375, 0, -0.23924072086811065673828125, 0, 0, 1, },
			{ 0.993303120136260986328125, -0.0000000008336933365882259749923832714557647705078125, 0.115537725389003753662109375, 0, 0.000000000842051706140267697264789603650569915771484375, 1, -0.00000000002353583994363361853174865245819091796875, 0, -0.115537725389003753662109375, 0.000000000120666587832829463877715170383453369140625, 0.993303120136260986328125, 0, -0.2380078136920928955078125, 0, 0, 1, },
			{ 0.993004143238067626953125, -0.0000000008519347449720271470141597092151641845703125, 0.118078850209712982177734375, 0, 0.00000000086066620497149415314197540283203125, 1, -0.000000000022954527167939886567182838916778564453125, 0, -0.118078850209712982177734375, 0.00000000012442047392369204317219555377960205078125, 0.993004143238067626953125, 0, -0.2367748916149139404296875, 0, 0, 1, },
			{ 0.99281275272369384765625, -0.000000000863410287710308921305113472044467926025390625, 0.119677722454071044921875, 0, 0.000000000872380556682372798604774288833141326904296875, 1, -0.00000000002256417101775820555076279561035335063934326171875, 0, -0.119677722454071044921875, 0.00000000012680612115900657954625785350799560546875, 0.99281275272369384765625, 0, -0.235542595386505126953125, 0, 0, 1, },
			{ 0.992736876010894775390625, -0.0000000008679139629208521000691689550876617431640625, 0.1203052699565887451171875, 0, 0.000000000876978878405765271963900886476039886474609375, 1, -0.000000000022405632904565209173597395420074462890625, 0, -0.1203052699565887451171875, 0.000000000127748034373098562355153262615203857421875, 0.992736876010894775390625, 0, -0.23430968821048736572265625, 0, 0, 1, },
			{ 0.992779791355133056640625, -0.000000000865368721125747697442420758306980133056640625, 0.1199506223201751708984375, 0, 0.00000000087438023488317639930755831301212310791015625, 1, -0.000000000022495338924954921822063624858856201171875, 0, -0.1199506223201751708984375, 0.000000000127215127321278487215749919414520263671875, 0.992779791355133056640625, 0, -0.2330767810344696044921875, 0, 0, 1, },
			{ 0.99293982982635498046875, -0.000000000855813697686613750192918814718723297119140625, 0.11861924827098846435546875, 0, 0.00000000086462537129960992388078011572360992431640625, 1, -0.00000000002282440729473034224383809487335383892059326171875, 0, -0.11861924827098846435546875, 0.000000000125224719482730506570078432559967041015625, 0.99293982982635498046875, 0, -0.23184387385845184326171875, 0, 0, 1, },
			{ 0.99320995807647705078125, -0.0000000008394185346816129822400398552417755126953125, 0.11633522808551788330078125, 0, 0.00000000084789320009548418966005556285381317138671875, 1, -0.000000000023358648348903443547897040843963623046875, 0, -0.11633522808551788330078125, 0.000000000121839871525253329309634864330291748046875, 0.99320995807647705078125, 0, -0.23061095178127288818359375, 0, 0, 1, },
			{ 0.99357926845550537109375, -0.000000000816464840180941564540262334048748016357421875, 0.113138265907764434814453125, 0, 0.0000000008244784854838371757068671286106109619140625, 1, -0.000000000024041213464442989788949489593505859375, 0, -0.113138265907764434814453125, 0.0000000001171667207700011203996837139129638671875, 0.99357926845550537109375, 0, -0.229378044605255126953125, 0, 0, 1, },
			{ 0.994032323360443115234375, -0.000000000787360343590393085833056829869747161865234375, 0.109085939824581146240234375, 0, 0.00000000079480855230684710477362386882305145263671875, 1, -0.00000000002479793974330402051009514252655208110809326171875, 0, -0.109085939824581146240234375, 0.000000000111352704834644100628793239593505859375, 0.994032323360443115234375, 0, -0.2281457483768463134765625, 0, 0, 1, },
			{ 0.994551479816436767578125, -0.00000000075258765885877210166654549539089202880859375, 0.104246310889720916748046875, 0, 0.000000000759387941418054879250121302902698516845703125, 1, -0.00000000002554312317215590155683457851409912109375, 0, -0.104246310889720916748046875, 0.000000000104567458858451090009111794643104076385498046875, 0.994551479816436767578125, 0, -0.22691284120082855224609375, 0, 0, 1, },
			{ 0.9951169490814208984375, -0.000000000712740255703891989469411782920360565185546875, 0.098702915012836456298828125, 0, 0.000000000718834713975269323782413266599178314208984375, 1, -0.00000000002618438799117939197458326816558837890625, 0, -0.098702915012836456298828125, 0.000000000097007284149963624031443032436072826385498046875, 0.9951169490814208984375, 0, -0.225679934024810791015625, 0, 0, 1, },
			{ 0.995708167552947998046875, -0.000000000668479549492673186250613071024417877197265625, 0.092548750340938568115234375, 0, 0.00000000067383620905303587278467603027820587158203125, 1, -0.000000000026631141736288554966449737548828125, 0, -0.092548750340938568115234375, 0.00000000008887912628097183187492191791534423828125, 0.995708167552947998046875, 0, -0.21866028010845184326171875, 0, 0, 1, },
			{ 0.99630486965179443359375, -0.000000000620539231110939226709888316690921783447265625, 0.085886709392070770263671875, 0, 0.000000000625151042044080895720981061458587646484375, 1, -0.000000000026801227903661128948442637920379638671875, 0, -0.085886709392070770263671875, 0.000000000080393913748366685467772185802459716796875, 0.99630486965179443359375, 0, -0.21164123713970184326171875, 0, 0, 1, },
			{ 0.9968883991241455078125, -0.000000000569690905560804594642831943929195404052734375, 0.07882480323314666748046875, 0, 0.000000000573574354678640929705579765141010284423828125, 1, -0.000000000026626256754980204277671873569488525390625, 0, -0.07882480323314666748046875, 0.000000000071755483499469363550815614871680736541748046875, 0.9968883991241455078125, 0, -0.20298339426517486572265625, 0, 0, 1, },
			{ 0.997442305088043212890625, -0.000000000516746145873270279480493627488613128662109375, 0.071476377546787261962890625, 0, 0.000000000519938370135974992081173695623874664306640625, 1, -0.00000000002605649029874257394112646579742431640625, 0, -0.071476377546787261962890625, 0.000000000063153482443567554582841694355010986328125, 0.997442305088043212890625, 0, -0.19432555139064788818359375, 0, 0, 1, },
			{ 0.99795258045196533203125, -0.000000000462543503498835661957855336368083953857421875, 0.063958227634429931640625, 0, 0.000000000465098792812312922251294367015361785888671875, 1, -0.00000000002506528318235723418183624744415283203125, 0, -0.063958227634429931640625, 0.000000000054761084555821071262471377849578857421875, 0.99795258045196533203125, 0, -0.18413086235523223876953125, 0, 0, 1, },
			{ 0.99840891361236572265625, -0.000000000407923306244839523060363717377185821533203125, 0.0563871525228023529052734375, 0, 0.000000000409909051146684078048565424978733062744140625, 1, -0.000000000023650414959774934686720371246337890625, 0, -0.0563871525228023529052734375, 0.0000000000467266191017667864571194513700902462005615234375, 0.99840891361236572265625, 0, -0.1739361584186553955078125, 0, 0, 1, },
			{ 0.998804628849029541015625, -0.000000000353731655078348694587475620210170745849609375, 0.0488803945481777191162109375, 0, 0.0000000003552236282899912112043239176273345947265625, 1, -0.000000000021835422359117728774435818195343017578125, 0, -0.0488803945481777191162109375, 0.000000000039172665111664173309691250324249267578125, 0.998804628849029541015625, 0, -0.1623284816741943359375, 0, 0, 1, },
			{ 0.999136149883270263671875, -0.0000000003008141791216445426471182145178318023681640625, 0.041554845869541168212890625, 0, 0.0000000003018922611897068009056965820491313934326171875, 1, -0.000000000019668267015049423207528889179229736328125, 0, -0.041554845869541168212890625, 0.000000000032196911803339389734901487827301025390625, 0.999136149883270263671875, 0, -0.1507202088832855224609375, 0, 0, 1, },
			{ 0.99940395355224609375, -0.00000000024997592884545838387566618621349334716796875, 0.03452150523662567138671875, 0, 0.00000000025071977827195723875775001943111419677734375, 1, -0.00000000001722089137956572812981903553009033203125, 0, -0.03452150523662567138671875, 0.0000000000258655319385070470161736011505126953125, 0.99940395355224609375, 0, -0.13814209401607513427734375, 0, 0, 1, },
			{ 0.999610960483551025390625, -0.00000000020200600914233035609868238680064678192138671875, 0.027888916432857513427734375, 0, 0.00000000020249142640427209016706910915672779083251953125, 1, -0.000000000014583445562266206252388656139373779296875, 0, -0.027888916432857513427734375, 0.000000000020225154884201401728205382823944091796875, 0.999610960483551025390625, 0, -0.124971307814121246337890625, 0, 0, 1, },
			{ 0.9997632503509521484375, -0.0000000001576536678982165540219284594058990478515625, 0.0217598862946033477783203125, 0, 0.00000000015794909824506930817733518779277801513671875, 1, -0.000000000011862066016943284552098702988587319850921630859375, 0, -0.0217598862946033477783203125, 0.0000000000152962087440755567513406276702880859375, 0.9997632503509521484375, 0, -0.11125122010707855224609375, 0, 0, 1, },
			{ 0.99986827373504638671875, -0.000000000117623411011180678542586974799633026123046875, 0.0162309110164642333984375, 0, 0.0000000001177877795299764329683966934680938720703125, 1, -0.000000000009173550807872743462212383747100830078125, 0, -0.0162309110164642333984375, 0.000000000011084022588647712836973369121551513671875, 0.99986827373504638671875, 0, -0.0970294177532196044921875, 0, 0, 1, },
			{ 0.999935150146484375, -0.000000000082560125402864059651619754731655120849609375, 0.011390131898224353790283203125, 0, 0.000000000082641060661359233563416637480258941650390625, 1, -0.000000000006637801419628885923884809017181396484375, 0, -0.011390131898224353790283203125, 0.000000000007578382366091318544931709766387939453125, 0.999935150146484375, 0, -0.082355342805385589599609375, 0, 0, 1, },
			{ 0.999973237514495849609375, -0.000000000053050397408327398807159624993801116943359375, 0.0073176319710910320281982421875, 0, 0.00000000005308375961021738476119935512542724609375, 1, -0.00000000000437250236018371651880443096160888671875, 0, -0.0073176319710910320281982421875, 0.0000000000047606363295926712453365325927734375, 0.999973237514495849609375, 0, -0.067278437316417694091796875, 0, 0, 1, },
			{ 0.999991595745086669921875, -0.0000000000296067614868888995260931551456451416015625, 0.00408330745995044708251953125, 0, 0.000000000029617142072169144739746116101741790771484375, 1, -0.00000000000248778775358005077578127384185791015625, 0, -0.00408330745995044708251953125, 0.00000000000260858001865926780737936496734619140625, 0.999991595745086669921875, 0, -0.051856078207492828369140625, 0, 0, 1, },
			{ 0.999998390674591064453125, -0.000000000012667033220947754301732857129536569118499755859375, 0.0017468393780291080474853515625, 0, 0.00000000001266897697860258631408214569091796875, 1, -0.00000000000107913677993565215729176998138427734375, 0, -0.0017468393780291080474853515625, 0.00000000000110134124042815528810024261474609375, 0.999998390674591064453125, 0, -0.0361450202763080596923828125, 0, 0, 1, },
			{ 0.99999988079071044921875, -0.000000000002581879154917032792582176625728607177734375, 0.000356021919287741184234619140625, 0, 0.00000000000258193466606826405040919780731201171875, 1, -0.0000000000002216005021626540893997514558577677235007286071777344, 0, -0.000356021919287741184234619140625, 0.0000000000002224886805823542146320903611922403797507286071777344, 0.99999988079071044921875, 0, -0.0202014148235321044921875, 0, 0, 1, },
			{ 1, 0.000000000000394961841010399439255706965923309326171875, -0.00005446868817671202123165130615234375, 0, -0.000000000000394961841010399439255706965923309326171875, 1, 0.0000000000000337507799486047588288784027099609375, 0, 0.00005446868817671202123165130615234375, -0.000000000000034194869158454821445047855377197265625, 1, 0, -0.0040905759669840335845947265625, 0, 0, 1, },
			{ 0.99999988079071044921875, -0.0000000000038931080581505739246495068073272705078125, 0.00053684622980654239654541015625, 0, 0.000000000003893274591604267698130570352077484130859375, 1, -0.00000000000033395508580724708735942840576171875, 0, -0.00053684622980654239654541015625, 0.0000000000003357314426466473378241062164306640625, 0.99999988079071044921875, 0, 0.01212829537689685821533203125, 0, 0, 1, },
			{ 0.99999773502349853515625, -0.0000000000154896095949652590206824243068695068359375, 0.00213611847721040248870849609375, 0, 0.000000000015492440663678053169860504567623138427734375, 1, -0.000000000001316724507205435656942427158355712890625, 0, -0.00213611847721040248870849609375, 0.000000000001349587108734340290538966655731201171875, 0.99999773502349853515625, 0, 0.028388671576976776123046875, 0, 0, 1, },
			{ 0.9999887943267822265625, -0.00000000003433375805883542852825485169887542724609375, 0.0047353799454867839813232421875, 0, 0.000000000034347691357794474242837168276309967041015625, 1, -0.000000000002873701276939755189232528209686279296875, 0, -0.0047353799454867839813232421875, 0.00000000000303623771090444360964966108440421521663665771484375, 0.9999887943267822265625, 0, 0.0446264632046222686767578125, 0, 0, 1, },
			{ 0.9999654293060302734375, -0.000000000060243532384873788032564334571361541748046875, 0.008310194127261638641357421875, 0, 0.000000000060286609038229244106332771480083465576171875, 1, -0.00000000000493560747827359591610729694366455078125, 0, -0.008310194127261638641357421875, 0.00000000000543654010698446654714643955230712890625, 0.9999654293060302734375, 0, 0.06077270209789276123046875, 0, 0, 1, },
			{ 0.9999177455902099609375, -0.000000000092917284977289682501577772200107574462890625, 0.012819816358387470245361328125, 0, 0.000000000093019807134719911800857516936957836151123046875, 1, -0.000000000007404299395830093999393284320831298828125, 0, -0.012819816358387470245361328125, 0.000000000008596234835067662061192095279693603515625, 0.9999177455902099609375, 0, 0.076757811009883880615234375, 0, 0, 1, },
			{ 0.99983417987823486328125, -0.000000000131948396653314148352365009486675262451171875, 0.01820916868746280670166015625, 0, 0.00000000013215527283616523845921619795262813568115234375, 1, -0.000000000010161205210579282720573246479034423828125, 0, -0.01820916868746280670166015625, 0.000000000012565948281917371787130832672119140625, 0.99983417987823486328125, 0, 0.092518918216228485107421875, 0, 0, 1, },
			{ 0.999702155590057373046875, -0.000000000176800851736658160007209517061710357666015625, 0.02440543659031391143798828125, 0, 0.0000000001771725821608782780458568595349788665771484375, 1, -0.000000000013070433624307042919099330902099609375, 0, -0.02440543659031391143798828125, 0.000000000017390533457728452049195766448974609375, 0.999702155590057373046875, 0, 0.1079827845096588134765625, 0, 0, 1, },
			{ 0.999509334564208984375, -0.00000000022684347456003450815842370502650737762451171875, 0.0313226021826267242431640625, 0, 0.000000000227455776435903089804924093186855316162109375, 1, -0.000000000015988543822231804369948804378509521484375, 0, -0.0313226021826267242431640625, 0.00000000002310507167535558181725718895904719829559326171875, 0.999509334564208984375, 0, 0.123085327446460723876953125, 0, 0, 1, },
			{ 0.99924468994140625, -0.000000000281335121865566861742991022765636444091796875, 0.0388594530522823333740234375, 0, 0.000000000282277756724624850903637707233428955078125, 1, -0.000000000018772983167991696973331272602081298828125, 0, -0.0388594530522823333740234375, 0.000000000029727775796573041588999330997467041015625, 0.99924468994140625, 0, 0.13775818049907684326171875, 0, 0, 1, },
			{ 0.9988994598388671875, -0.0000000003394527159361615531452116556465625762939453125, 0.0469032563269138336181640625, 0, 0.000000000340826311617803412445937283337116241455078125, 1, -0.00000000002128874680706882571712412755005061626434326171875, 0, -0.0469032563269138336181640625, 0.00000000003725109110064295236952602863311767578125, 0.9988994598388671875, 0, 0.15193481743335723876953125, 0, 0, 1, },
			{ 0.99846804141998291015625, -0.000000000400307620385120799255673773586750030517578125, 0.0553319044411182403564453125, 0, 0.00000000040221959096697901259176433086395263671875, 1, -0.00000000002342037674907260225154459476470947265625, 0, -0.0553319044411182403564453125, 0.0000000000456399362747106351889669895172119140625, 0.99846804141998291015625, 0, 0.165550529956817626953125, 0, 0, 1, },
			{ 0.997949123382568359375, -0.000000000462929750089102753918268717825412750244140625, 0.06401179730892181396484375, 0, 0.0000000004654893970279516679511289112269878387451171875, 1, -0.00000000002507416496655423543415963649749755859375, 0, -0.06401179730892181396484375, 0.0000000000548197008620743275741915567778050899505615234375, 0.997949123382568359375, 0, 0.1785430908203125, 0, 0, 1, },
			{ 0.997345983982086181640625, -0.000000000526334698047747906457516364753246307373046875, 0.0728068649768829345703125, 0, 0.000000000529647048441717060995870269834995269775390625, 1, -0.000000000026189272972487742663361132144927978515625, 0, -0.0728068649768829345703125, 0.00000000006468159341466162004508078098297119140625, 0.997345983982086181640625, 0, 0.19048155844211578369140625, 0, 0, 1, },
			{ 0.996667325496673583984375, -0.00000000058948668169023221707902848720550537109375, 0.081573568284511566162109375, 0, 0.0000000005936462432742928285733796656131744384765625, 1, -0.00000000002673772141192909401752331177704036235809326171875, 0, -0.081573568284511566162109375, 0.0000000000750741691035727853886783123016357421875, 0.996667325496673583984375, 0, 0.20242004096508026123046875, 0, 0, 1, },
			{ 0.995926201343536376953125, -0.000000000651381004690421150371548719704151153564453125, 0.090172193944454193115234375, 0, 0.00000000065646543756514574852189980447292327880859375, 1, -0.000000000026729285451665418804623186588287353515625, 0, -0.090172193944454193115234375, 0.000000000085815354822216249885968863964080810546875, 0.995926201343536376953125, 0, 0.21276794373989105224609375, 0, 0, 1, },
			{ 0.9951407909393310546875, -0.000000000711011083343038308157701976597309112548828125, 0.098462425172328948974609375, 0, 0.00000000071707584314850691953324712812900543212890625, 1, -0.000000000026207036540881745168007910251617431640625, 0, -0.098462425172328948974609375, 0.000000000096683987205192778446871670894324779510498046875, 0.9951407909393310546875, 0, 0.22311584651470184326171875, 0, 0, 1, },
			{ 0.99433314800262451171875, -0.000000000767405083923478059659828431904315948486328125, 0.106308318674564361572265625, 0, 0.00000000077447770419070138814277015626430511474609375, 1, -0.000000000025246915669185909791849553585052490234375, 0, -0.106308318674564361572265625, 0.000000000107437170271396098542027175426483154296875, 0.99433314800262451171875, 0, 0.2316729724407196044921875, 0, 0, 1, },
			{ 0.993528664112091064453125, -0.000000000819650403105498526201699860394001007080078125, 0.11358188092708587646484375, 0, 0.0000000008277272200984953087754547595977783203125, 1, -0.000000000023951063354843427077867090702056884765625, 0, -0.11358188092708587646484375, 0.00000000011781065012428371119312942028045654296875, 0.993528664112091064453125, 0, 0.2402307093143463134765625, 0, 0, 1, },
			{ 0.99275410175323486328125, -0.000000000866897165163749150451621972024440765380859375, 0.1201635897159576416015625, 0, 0.000000000875940708855438288082950748503208160400390625, 1, -0.00000000002244160413056306424550712108612060546875, 0, -0.1201635897159576416015625, 0.00000000012753531564158038236200809478759765625, 0.99275410175323486328125, 0, 0.246834099292755126953125, 0, 0, 1, },
			{ 0.9920368194580078125, -0.000000000908398523069564589604851789772510528564453125, 0.12594811618328094482421875, 0, 0.000000000918337350608311453470378182828426361083984375, 1, -0.00000000002084998840246043982915580272674560546875, 0, -0.12594811618328094482421875, 0.000000000136346489654215474729426205158233642578125, 0.9920368194580078125, 0, 0.25343811511993408203125, 0, 0, 1, },
			{ 0.99140369892120361328125, -0.00000000094346663814803832792676985263824462890625, 0.13083827495574951171875, 0, 0.0000000009541956114134109157021157443523406982421875, 1, -0.000000000019310331111910272738896310329437255859375, 0, -0.13083827495574951171875, 0.0000000001439897090449449024163186550140380859375, 0.99140369892120361328125, 0, 0.2568707168102264404296875, 0, 0, 1, },
			{ 0.990878582000732421875, -0.0000000009715590554293385139317251741886138916015625, 0.13475723564624786376953125, 0, 0.00000000098294339334614733161288313567638397216796875, 1, -0.000000000017947865416090280632488429546356201171875, 0, -0.13475723564624786376953125, 0.000000000150242929208843634114600718021392822265625, 0.990878582000732421875, 0, 0.2603033483028411865234375, 0, 0, 1, },
			{ 0.99048221111297607421875, -0.00000000099222230431905700243078172206878662109375, 0.1376407146453857421875, 0, 0.00000000100410157966024371489766053855419158935546875, 1, -0.00000000001687272543904327903874218463897705078125, 0, -0.1376407146453857421875, 0.000000000154917412231725393212400376796722412109375, 0.99048221111297607421875, 0, 0.263735949993133544921875, 0, 0, 1, },
			{ 0.99023020267486572265625, -0.0000000010051268706234850469627417623996734619140625, 0.13944184780120849609375, 0, 0.00000000101732045010294314124621450901031494140625, 1, -0.00000000001616928813064077985472977161407470703125, 0, -0.13944184780120849609375, 0.0000000001578683850311790592968463897705078125, 0.99023020267486572265625, 0, 0.267168581485748291015625, 0, 0, 1, },
			{ 0.990132868289947509765625, -0.0000000010100666969492522184737026691436767578125, 0.140131413936614990234375, 0, 0.0000000010223819568722092299140058457851409912109375, 1, -0.00000000001589395282053374103270471096038818359375, 0, -0.140131413936614990234375, 0.00000000015900436522997551946900784969329833984375, 0.990132868289947509765625, 0, 0.2645507752895355224609375, 0, 0, 1, },
			{ 0.990193903446197509765625, -0.0000000010069711731119923570076934993267059326171875, 0.13969929516315460205078125, 0, 0.00000000101921016071315762019366957247257232666015625, 1, -0.0000000000160671476123752654530107975006103515625, 0, -0.13969929516315460205078125, 0.000000000158292490226585869095288217067718505859375, 0.990193903446197509765625, 0, 0.261932373046875, 0, 0, 1, },
			{ 0.990410983562469482421875, -0.00000000099588370883196830618544481694698333740234375, 0.13815174996852874755859375, 0, 0.00000000100785191303742749369121156632900238037109375, 1, -0.00000000001667554982986985123716294765472412109375, 0, -0.13815174996852874755859375, 0.000000000155752299946243510930798947811126708984375, 0.990410983562469482421875, 0, 0.2593145668506622314453125, 0, 0, 1, },
			{ 0.99077522754669189453125, -0.0000000009769898223765949296648614108562469482421875, 0.13551501929759979248046875, 0, 0.0000000009885032792311676530516706407070159912109375, 1, -0.000000000017671641927563541685231029987335205078125, 0, -0.13551501929759979248046875, 0.00000000015146550680356085649691522121429443359375, 0.99077522754669189453125, 0, 0.256696760654449462890625, 0, 0, 1, },
			{ 0.991272270679473876953125, -0.0000000009505800591114166309125721454620361328125, 0.13183049857616424560546875, 0, 0.000000000961473123339828816824592649936676025390625, 1, -0.000000000018976376026103025651536881923675537109375, 0, -0.13183049857616424560546875, 0.000000000145562228937023974140174686908721923828125, 0.991272270679473876953125, 0, 0.25407898426055908203125, 0, 0, 1, },
			{ 0.99188220500946044921875, -0.000000000917091735885833259089849889278411865234375, 0.12716014683246612548828125, 0, 0.000000000927223464675108743904274888336658477783203125, 1, -0.00000000002048494707196368835866451263427734375, 0, -0.12716014683246612548828125, 0.00000000013822454292267138953320682048797607421875, 0.99188220500946044921875, 0, 0.251460552215576171875, 0, 0, 1, },
			{ 0.99258196353912353515625, -0.000000000877037609203767942744889296591281890869140625, 0.1215766966342926025390625, 0, 0.000000000886295925539570816908963024616241455078125, 1, -0.00000000002207567288692313667297639767639338970184326171875, 0, -0.1215766966342926025390625, 0.000000000129664723402811432606540620326995849609375, 0.99258196353912353515625, 0, 0.24884276092052459716796875, 0, 0, 1, },
			{ 0.99334537982940673828125, -0.0000000008310803156774682065588422119617462158203125, 0.1151737868785858154296875, 0, 0.00000000083938600514699146515340544283390045166015625, 1, -0.00000000002361533017747330376323589007370173931121826171875, 0, -0.1151737868785858154296875, 0.0000000001201332366917995386756956577301025390625, 0.99334537982940673828125, 0, 0.2414758205413818359375, 0, 0, 1, },
			{ 0.994144916534423828125, -0.000000000779953435170455122715793550014495849609375, 0.108054883778095245361328125, 0, 0.0000000007872611451631428280961699783802032470703125, 1, -0.00000000002497113626986902090720832347869873046875, 0, -0.108054883778095245361328125, 0.0000000001098925395126570947468280792236328125, 0.994144916534423828125, 0, 0.23410888016223907470703125, 0, 0, 1, },
			{ 0.99495351314544677734375, -0.000000000724484749969889207932283170521259307861328125, 0.100336492061614990234375, 0, 0.0000000007307832117220414147595874965190887451171875, 1, -0.000000000026018742715905318618752062320709228515625, 0, -0.100336492061614990234375, 0.000000000099211749926553238765336573123931884765625, 0.99495351314544677734375, 0, 0.224851071834564208984375, 0, 0, 1, },
			{ 0.995745599269866943359375, -0.000000000665576760372488251960021443665027618408203125, 0.092145256698131561279296875, 0, 0.000000000670886735054665450661559589207172393798828125, 1, -0.0000000000266506816615219577215611934661865234375, 0, -0.092145256698131561279296875, 0.00000000008835598919176845811307430267333984375, 0.995745599269866943359375, 0, 0.21559326350688934326171875, 0, 0, 1, },
			{ 0.99649822711944580078125, -0.000000000604178096441643219804973341524600982666015625, 0.0836139619350433349609375, 0, 0.000000000608548600400382611042005009949207305908203125, 1, -0.00000000002678479660289667663164436817169189453125, 0, -0.0836139619350433349609375, 0.00000000007757439135502863791771233081817626953125, 0.99649822711944580078125, 0, 0.20462097227573394775390625, 0, 0, 1, },
			{ 0.9971923828125, -0.000000000541281075516764076382969506084918975830078125, 0.0748811066150665283203125, 0, 0.00000000054478521693823722671368159353733062744140625, 1, -0.00000000002636957145696339210871883551590144634246826171875, 0, -0.0748811066150665283203125, 0.000000000067089889199678509612567722797393798828125, 0.9971923828125, 0, 0.1936492919921875, 0, 0, 1, },
			{ 0.997813701629638671875, -0.000000000477910655494184766212129034101963043212890625, 0.066089235246181488037109375, 0, 0.000000000480639361644108475957182236015796661376953125, 1, -0.000000000025388136037918229703791439533233642578125, 0, -0.066089235246181488037109375, 0.000000000057097881978052100748755037784576416015625, 0.997813701629638671875, 0, 0.1811743080615997314453125, 0, 0, 1, },
			{ 0.998352468013763427734375, -0.000000000415075696036382169040734879672527313232421875, 0.05737827718257904052734375, 0, 0.000000000417131829077987958953599445521831512451171875, 1, -0.00000000002385957924289083820212908904068171977996826171875, 0, -0.05737827718257904052734375, 0.0000000000477542415333598313509355648420751094818115234375, 0.998352468013763427734375, 0, 0.16869933903217315673828125, 0, 0, 1, },
