function data()
return { 
		times = { 0, 83.332999999999998408384271897375583648681640625, 125, 166.667000000000001591615728102624416351318359375, 208.332999999999998408384271897375583648681640625, 250, 291.66699999999997316990629769861698150634765625, 333.33300000000002683009370230138301849365234375, 375, 416.66699999999997316990629769861698150634765625, 458.33300000000002683009370230138301849365234375, 500, 541.6670000000000300133251585066318511962890625, 583.3329999999999699866748414933681488037109375, 625, 666.6670000000000300133251585066318511962890625, 708.3329999999999699866748414933681488037109375, 750, 791.6670000000000300133251585066318511962890625, 833.3329999999999699866748414933681488037109375, 875, 916.6670000000000300133251585066318511962890625, 958.3329999999999699866748414933681488037109375, 1000, 1041.66699999999991632648743689060211181640625, 1083.33300000000008367351256310939788818359375, 1125, 1166.66699999999991632648743689060211181640625, 1208.33300000000008367351256310939788818359375, 1250, 1291.66699999999991632648743689060211181640625, 1333.33300000000008367351256310939788818359375, 1375, 1416.66699999999991632648743689060211181640625, 1458.33300000000008367351256310939788818359375, 1500, 1541.66699999999991632648743689060211181640625, 1583.33300000000008367351256310939788818359375, 1625, 1666.66699999999991632648743689060211181640625, 1708.33300000000008367351256310939788818359375, 1750, 1791.66699999999991632648743689060211181640625, 1833.33300000000008367351256310939788818359375, 1875, 1916.66699999999991632648743689060211181640625, 1958.33300000000008367351256310939788818359375, 2000, 2041.66699999999991632648743689060211181640625, 2083.33300000000008367351256310939788818359375, 2125, 2166.66699999999991632648743689060211181640625, 2208.33300000000008367351256310939788818359375, 2250, 2291.66699999999991632648743689060211181640625, 2333.33300000000008367351256310939788818359375, 2375, 2416.66699999999991632648743689060211181640625, 2458.33300000000008367351256310939788818359375, 2500, 2541.66699999999991632648743689060211181640625, 2583.33300000000008367351256310939788818359375, 2625, 2666.66699999999991632648743689060211181640625, 2708.33300000000008367351256310939788818359375, 2750, 2791.66699999999991632648743689060211181640625, 2833.33300000000008367351256310939788818359375, 2875, 2916.66699999999991632648743689060211181640625, 2958.33300000000008367351256310939788818359375, 3000, 3041.66699999999991632648743689060211181640625, 3083.33300000000008367351256310939788818359375, 3125, 3166.66699999999991632648743689060211181640625, 3208.33300000000008367351256310939788818359375, 3250, 3291.66699999999991632648743689060211181640625, 3333.33300000000008367351256310939788818359375, 3375, 3416.66699999999991632648743689060211181640625, 3458.33300000000008367351256310939788818359375, 3500, 3541.66699999999991632648743689060211181640625, 3583.33300000000008367351256310939788818359375, 3625, 3666.66699999999991632648743689060211181640625, 3708.33300000000008367351256310939788818359375, 3750, 3791.66699999999991632648743689060211181640625, 3833.33300000000008367351256310939788818359375, 3875, 3916.66699999999991632648743689060211181640625, 3958.33300000000008367351256310939788818359375, 4000, 4041.66699999999991632648743689060211181640625, 4083.33300000000008367351256310939788818359375, 4166.6670000000003710738383233547210693359375, },
		transfs = {
			{ 1, 0, 0, 0, 0, 1, 0, 0, 0, 0, 1, 0, 0, 0, 0, 1, },
			{ 1, 0, 0, 0, 0, 1, 0, 0, 0, 0, 1, 0, -0.0158734135329723358154296875, 0, 0, 1, },
			{ 1, 0, 0, 0, 0, 1, 0, 0, 0, 0, 1, 0, -0.0321441628038883209228515625, 0, 0, 1, },
			{ 1, 0, 0, 0, 0, 1, 0, 0, 0, 0, 1, 0, -0.0507983379065990447998046875, 0, 0, 1, },
			{ 1, 0, 0, 0, 0, 1, 0, 0, 0, 0, 1, 0, -0.0694543421268463134765625, 0, 0, 1, },
			{ 0.999996602535247802734375, 0, 0.00257791019976139068603515625, 0, 0, 1, 0, 0, -0.00257791019976139068603515625, 0, 0.999996602535247802734375, 0, -0.0862109363079071044921875, 0, 0, 1, },
			{ 0.999958455562591552734375, 0, 0.00911462306976318359375, 0, 0, 1, 0, 0, -0.00911462306976318359375, 0, 0.999958455562591552734375, 0, -0.101082764565944671630859375, 0, 0, 1, },
			{ 0.999841272830963134765625, 0, 0.017814211547374725341796875, 0, 0, 1, 0, 0, -0.017814211547374725341796875, 0, 0.999841272830963134765625, 0, -0.1145617663860321044921875, 0, 0, 1, },
			{ 0.999638617038726806640625, 0, 0.02688053064048290252685546875, 0, 0, 1, 0, 0, -0.02688053064048290252685546875, 0, 0.999638617038726806640625, 0, -0.1271417140960693359375, 0, 0, 1, },
			{ 0.999404013156890869140625, 0, 0.0345183797180652618408203125, 0, 0, 1, 0, 0, -0.0345183797180652618408203125, 0, 0.999404013156890869140625, 0, -0.139295041561126708984375, 0, 0, 1, },
			{ 0.999221384525299072265625, 0, 0.039453975856304168701171875, 0, 0, 1, 0, 0, -0.039453975856304168701171875, 0, 0.999221384525299072265625, 0, -0.1514489650726318359375, 0, 0, 1, },
			{ 0.999096691608428955078125, 0, 0.0424926578998565673828125, 0, 0, 1, 0, 0, -0.0424926578998565673828125, 0, 0.999096691608428955078125, 0, -0.16317443549633026123046875, 0, 0, 1, },
			{ 0.9989888668060302734375, 0, 0.044958539307117462158203125, 0, 0, 1, 0, 0, -0.044958539307117462158203125, 0, 0.9989888668060302734375, 0, -0.17489929497241973876953125, 0, 0, 1, },
			{ 0.998838901519775390625, 0, 0.048175014555454254150390625, 0, 0, 1, 0, 0, -0.048175014555454254150390625, 0, 0.998838901519775390625, 0, -0.1851849257946014404296875, 0, 0, 1, },
			{ 0.9985697269439697265625, 0, 0.053464628756046295166015625, 0, 0, 1, 0, 0, -0.053464628756046295166015625, 0, 0.9985697269439697265625, 0, -0.19546996057033538818359375, 0, 0, 1, },
			{ 0.9980976581573486328125, 0, 0.0616527162492275238037109375, 0, 0, 1, 0, 0, -0.0616527162492275238037109375, 0, 0.9980976581573486328125, 0, -0.2035589516162872314453125, 0, 0, 1, },
			{ 0.997434675693511962890625, 0, 0.0715823471546173095703125, 0, 0, 1, 0, 0, -0.0715823471546173095703125, 0, 0.997434675693511962890625, 0, -0.2116485536098480224609375, 0, 0, 1, },
			{ 0.996664822101593017578125, 0, 0.081603467464447021484375, 0, 0, 1, 0, 0, -0.081603467464447021484375, 0, 0.996664822101593017578125, 0, -0.21806700527667999267578125, 0, 0, 1, },
			{ 0.99593532085418701171875, 0, 0.090070478618144989013671875, 0, 0, 1, 0, 0, -0.090070478618144989013671875, 0, 0.99593532085418701171875, 0, -0.22448547184467315673828125, 0, 0, 1, },
			{ 0.9954445362091064453125, 0, 0.095342576503753662109375, 0, 0, 1, 0, 0, -0.095342576503753662109375, 0, 0.9954445362091064453125, 0, -0.22978942096233367919921875, 0, 0, 1, },
			{ 0.9951975345611572265625, 0, 0.0978868007659912109375, 0, 0, 1, 0, 0, -0.0978868007659912109375, 0, 0.9951975345611572265625, 0, -0.23509277403354644775390625, 0, 0, 1, },
			{ 0.99504458904266357421875, 0, 0.099429659545421600341796875, 0, 0, 1, 0, 0, -0.099429659545421600341796875, 0, 0.99504458904266357421875, 0, -0.24039672315120697021484375, 0, 0, 1, },
			{ 0.994965136051177978515625, 0, 0.1002218723297119140625, 0, 0, 1, 0, 0, -0.1002218723297119140625, 0, 0.994965136051177978515625, 0, -0.23900939524173736572265625, 0, 0, 1, },
			{ 0.99493563175201416015625, 0, 0.100513719022274017333984375, 0, 0, 1, 0, 0, -0.100513719022274017333984375, 0, 0.99493563175201416015625, 0, -0.23762206733226776123046875, 0, 0, 1, },
			{ 0.9949314594268798828125, 0, 0.100555412471294403076171875, 0, 0, 1, 0, 0, -0.100555412471294403076171875, 0, 0.9949314594268798828125, 0, -0.236234128475189208984375, 0, 0, 1, },
			{ 0.99495947360992431640625, 0, 0.100277118384838104248046875, 0, 0, 1, 0, 0, -0.100277118384838104248046875, 0, 0.99495947360992431640625, 0, -0.2348468005657196044921875, 0, 0, 1, },
			{ 0.995049178600311279296875, 0, 0.099383652210235595703125, 0, 0, 1, 0, 0, -0.099383652210235595703125, 0, 0.995049178600311279296875, 0, -0.23345947265625, 0, 0, 1, },
			{ 0.995207369327545166015625, 0, 0.097786925733089447021484375, 0, 0, 1, 0, 0, -0.097786925733089447021484375, 0, 0.995207369327545166015625, 0, -0.2320721447467803955078125, 0, 0, 1, },
			{ 0.995439112186431884765625, 0, 0.095398761332035064697265625, 0, 0, 1, 0, 0, -0.095398761332035064697265625, 0, 0.995439112186431884765625, 0, -0.23068480193614959716796875, 0, 0, 1, },
			{ 0.995746910572052001953125, 0, 0.0921306908130645751953125, 0, 0, 1, 0, 0, -0.0921306908130645751953125, 0, 0.995746910572052001953125, 0, -0.229296863079071044921875, 0, 0, 1, },
			{ 0.996126234531402587890625, 0, 0.087934933602809906005859375, 0, 0, 1, 0, 0, -0.087934933602809906005859375, 0, 0.996126234531402587890625, 0, -0.2279095351696014404296875, 0, 0, 1, },
			{ 0.9965555667877197265625, 0, 0.0829274654388427734375, 0, 0, 1, 0, 0, -0.0829274654388427734375, 0, 0.9965555667877197265625, 0, -0.2265222072601318359375, 0, 0, 1, },
			{ 0.997010529041290283203125, 0, 0.07726521790027618408203125, 0, 0, 1, 0, 0, -0.07726521790027618408203125, 0, 0.997010529041290283203125, 0, -0.2198834121227264404296875, 0, 0, 1, },
			{ 0.9974687099456787109375, 0, 0.071105577051639556884765625, 0, 0, 1, 0, 0, -0.071105577051639556884765625, 0, 0.9974687099456787109375, 0, -0.21324522793292999267578125, 0, 0, 1, },
			{ 0.99791085720062255859375, 0, 0.0646061003208160400390625, 0, 0, 1, 0, 0, -0.0646061003208160400390625, 0, 0.99791085720062255859375, 0, -0.206606447696685791015625, 0, 0, 1, },
			{ 0.9983208179473876953125, 0, 0.05792669951915740966796875, 0, 0, 1, 0, 0, -0.05792669951915740966796875, 0, 0.9983208179473876953125, 0, -0.19674377143383026123046875, 0, 0, 1, },
			{ 0.998686611652374267578125, 0, 0.0512348152697086334228515625, 0, 0, 1, 0, 0, -0.0512348152697086334228515625, 0, 0.998686611652374267578125, 0, -0.1868810951709747314453125, 0, 0, 1, },
			{ 0.999000370502471923828125, 0, 0.0447001047432422637939453125, 0, 0, 1, 0, 0, -0.0447001047432422637939453125, 0, 0.999000370502471923828125, 0, -0.175397336483001708984375, 0, 0, 1, },
			{ 0.999258816242218017578125, 0, 0.0384923405945301055908203125, 0, 0, 1, 0, 0, -0.0384923405945301055908203125, 0, 0.999258816242218017578125, 0, -0.16316954791545867919921875, 0, 0, 1, },
			{ 0.99946248531341552734375, 0, 0.0327814556658267974853515625, 0, 0, 1, 0, 0, -0.0327814556658267974853515625, 0, 0.99946248531341552734375, 0, -0.15045227110385894775390625, 0, 0, 1, },
			{ 0.999616563320159912109375, 0, 0.02768916822969913482666015625, 0, 0, 1, 0, 0, -0.02768916822969913482666015625, 0, 0.999616563320159912109375, 0, -0.137463986873626708984375, 0, 0, 1, },
			{ 0.99973213672637939453125, 0, 0.023144304752349853515625, 0, 0, 1, 0, 0, -0.023144304752349853515625, 0, 0.99973213672637939453125, 0, -0.124284051358699798583984375, 0, 0, 1, },
			{ 0.99981892108917236328125, 0, 0.01902736164629459381103515625, 0, 0, 1, 0, 0, -0.01902736164629459381103515625, 0, 0.99981892108917236328125, 0, -0.1109582483768463134765625, 0, 0, 1, },
			{ 0.999884128570556640625, 0, 0.0152187086641788482666015625, 0, 0, 1, 0, 0, -0.0152187086641788482666015625, 0, 0.999884128570556640625, 0, -0.09753356873989105224609375, 0, 0, 1, },
			{ 0.99993264675140380859375, 0, 0.01159864105284214019775390625, 0, 0, 1, 0, 0, -0.01159864105284214019775390625, 0, 0.99993264675140380859375, 0, -0.084053345024585723876953125, 0, 0, 1, },
			{ 0.999967098236083984375, 0, 0.008110336959362030029296875, 0, 0, 1, 0, 0, -0.008110336959362030029296875, 0, 0.999967098236083984375, 0, -0.070517577230930328369140625, 0, 0, 1, },
			{ 0.999987781047821044921875, 0, 0.004948603920638561248779296875, 0, 0, 1, 0, 0, -0.004948603920638561248779296875, 0, 0.999987781047821044921875, 0, -0.0567352287471294403076171875, 0, 0, 1, },
			{ 0.999997198581695556640625, 0, 0.00237116776406764984130859375, 0, 0, 1, 0, 0, -0.00237116776406764984130859375, 0, 0.999997198581695556640625, 0, -0.042470701038837432861328125, 0, 0, 1, },
			{ 0.9999997615814208984375, 0, 0.0006357380189001560211181640625, 0, 0, 1, 0, 0, -0.0006357380189001560211181640625, 0, 0.9999997615814208984375, 0, -0.02748535014688968658447265625, 0, 0, 1, },
			{ 1, 0, 0, 0, 0, 1, 0, 0, 0, 0, 1, 0, -0.011542968451976776123046875, 0, 0, 1, },
			{ 1, 0, 0, 0, 0, 1, 0, 0, 0, 0, 1, 0, 0.00547973625361919403076171875, 0, 0, 1, },
			{ 1, 0, 0, 0, 0, 1, 0, 0, 0, 0, 1, 0, 0.02324462868273258209228515625, 0, 0, 1, },
			{ 1, 0, 0, 0, 0, 1, 0, 0, 0, 0, 1, 0, 0.0412994362413883209228515625, 0, 0, 1, },
			{ 1, 0, 0, 0, 0, 1, 0, 0, 0, 0, 1, 0, 0.0591931156814098358154296875, 0, 0, 1, },
			{ 1, 0, 0, 0, 0, 1, 0, 0, 0, 0, 1, 0, 0.07647399604320526123046875, 0, 0, 1, },
			{ 0.9999969005584716796875, 0, 0.0024738064967095851898193359375, 0, 0, 1, 0, 0, -0.0024738064967095851898193359375, 0, 0.9999969005584716796875, 0, 0.092790521681308746337890625, 0, 0, 1, },
			{ 0.999960005283355712890625, 0, 0.00894569046795368194580078125, 0, 0, 1, 0, 0, -0.00894569046795368194580078125, 0, 0.999960005283355712890625, 0, 0.10819824039936065673828125, 0, 0, 1, },
			{ 0.9998381137847900390625, 0, 0.017990879714488983154296875, 0, 0, 1, 0, 0, -0.017990879714488983154296875, 0, 0.9998381137847900390625, 0, 0.122854612767696380615234375, 0, 0, 1, },
			{ 0.99960267543792724609375, 0, 0.02818406186997890472412109375, 0, 0, 1, 0, 0, -0.02818406186997890472412109375, 0, 0.99960267543792724609375, 0, 0.13691650331020355224609375, 0, 0, 1, },
			{ 0.99927389621734619140625, 0, 0.038100250065326690673828125, 0, 0, 1, 0, 0, -0.038100250065326690673828125, 0, 0.99927389621734619140625, 0, 0.15054015815258026123046875, 0, 0, 1, },
			{ 0.9989120960235595703125, 0, 0.0466325469315052032470703125, 0, 0, 1, 0, 0, -0.0466325469315052032470703125, 0, 0.9989120960235595703125, 0, 0.1638220250606536865234375, 0, 0, 1, },
			{ 0.998544037342071533203125, 0, 0.053941003978252410888671875, 0, 0, 1, 0, 0, -0.053941003978252410888671875, 0, 0.998544037342071533203125, 0, 0.1762835681438446044921875, 0, 0, 1, },
			{ 0.998168051242828369140625, 0, 0.060501821339130401611328125, 0, 0, 1, 0, 0, -0.060501821339130401611328125, 0, 0.998168051242828369140625, 0, 0.18874572217464447021484375, 0, 0, 1, },
			{ 0.997767031192779541015625, 0, 0.06679065525531768798828125, 0, 0, 1, 0, 0, -0.06679065525531768798828125, 0, 0.997767031192779541015625, 0, 0.1994476318359375, 0, 0, 1, },
			{ 0.99731123447418212890625, 0, 0.07328237593173980712890625, 0, 0, 1, 0, 0, -0.07328237593173980712890625, 0, 0.99731123447418212890625, 0, 0.21014891564846038818359375, 0, 0, 1, },
			{ 0.9967668056488037109375, 0, 0.080348141491413116455078125, 0, 0, 1, 0, 0, -0.080348141491413116455078125, 0, 0.9967668056488037109375, 0, 0.218671262264251708984375, 0, 0, 1, },
			{ 0.99612522125244140625, 0, 0.087946347892284393310546875, 0, 0, 1, 0, 0, -0.087946347892284393310546875, 0, 0.99612522125244140625, 0, 0.22719420492649078369140625, 0, 0, 1, },
			{ 0.9953877925872802734375, 0, 0.095932491123676300048828125, 0, 0, 1, 0, 0, -0.095932491123676300048828125, 0, 0.9953877925872802734375, 0, 0.23463682830333709716796875, 0, 0, 1, },
			{ 0.994560301303863525390625, 0, 0.1041622161865234375, 0, 0, 1, 0, 0, -0.1041622161865234375, 0, 0.994560301303863525390625, 0, 0.24207885563373565673828125, 0, 0, 1, },
			{ 0.993652641773223876953125, 0, 0.1124915778636932373046875, 0, 0, 1, 0, 0, -0.1124915778636932373046875, 0, 0.993652641773223876953125, 0, 0.24981689453125, 0, 0, 1, },
			{ 0.992689907550811767578125, 0, 0.120692200958728790283203125, 0, 0, 1, 0, 0, -0.120692200958728790283203125, 0, 0.992689907550811767578125, 0, 0.2575549185276031494140625, 0, 0, 1, },
			{ 0.991748631000518798828125, 0, 0.12819780409336090087890625, 0, 0, 1, 0, 0, -0.12819780409336090087890625, 0, 0.991748631000518798828125, 0, 0.26462829113006591796875, 0, 0, 1, },
			{ 0.990932643413543701171875, 0, 0.13435964286327362060546875, 0, 0, 1, 0, 0, -0.13435964286327362060546875, 0, 0.990932643413543701171875, 0, 0.2717016637325286865234375, 0, 0, 1, },
			{ 0.9903581142425537109375, 0, 0.138530910015106201171875, 0, 0, 1, 0, 0, -0.138530910015106201171875, 0, 0.9903581142425537109375, 0, 0.269299924373626708984375, 0, 0, 1, },
			{ 0.990142285823822021484375, 0, 0.14006519317626953125, 0, 0, 1, 0, 0, -0.14006519317626953125, 0, 0.990142285823822021484375, 0, 0.2668981850147247314453125, 0, 0, 1, },
			{ 0.990366458892822265625, 0, 0.13847102224826812744140625, 0, 0, 1, 0, 0, -0.13847102224826812744140625, 0, 0.990366458892822265625, 0, 0.26449644565582275390625, 0, 0, 1, },
			{ 0.99096012115478515625, 0, 0.13415680825710296630859375, 0, 0, 1, 0, 0, -0.13415680825710296630859375, 0, 0.99096012115478515625, 0, 0.2620941102504730224609375, 0, 0, 1, },
			{ 0.991796791553497314453125, 0, 0.12782408297061920166015625, 0, 0, 1, 0, 0, -0.12782408297061920166015625, 0, 0.991796791553497314453125, 0, 0.259692370891571044921875, 0, 0, 1, },
			{ 0.992752730846405029296875, 0, 0.12017492949962615966796875, 0, 0, 1, 0, 0, -0.12017492949962615966796875, 0, 0.992752730846405029296875, 0, 0.2572906315326690673828125, 0, 0, 1, },
			{ 0.9937179088592529296875, 0, 0.111913643777370452880859375, 0, 0, 1, 0, 0, -0.111913643777370452880859375, 0, 0.9937179088592529296875, 0, 0.2491192519664764404296875, 0, 0, 1, },
			{ 0.994613945484161376953125, 0, 0.10364846885204315185546875, 0, 0, 1, 0, 0, -0.10364846885204315185546875, 0, 0.994613945484161376953125, 0, 0.24094726145267486572265625, 0, 0, 1, },
			{ 0.995420396327972412109375, 0, 0.09559412300586700439453125, 0, 0, 1, 0, 0, -0.09559412300586700439453125, 0, 0.995420396327972412109375, 0, 0.232994377613067626953125, 0, 0, 1, },
			{ 0.996132194995880126953125, 0, 0.087866954505443572998046875, 0, 0, 1, 0, 0, -0.087866954505443572998046875, 0, 0.996132194995880126953125, 0, 0.22504149377346038818359375, 0, 0, 1, },
			{ 0.996747791767120361328125, 0, 0.0805834829807281494140625, 0, 0, 1, 0, 0, -0.0805834829807281494140625, 0, 0.996747791767120361328125, 0, 0.2165569961071014404296875, 0, 0, 1, },
			{ 0.997268617153167724609375, 0, 0.0738603174686431884765625, 0, 0, 1, 0, 0, -0.0738603174686431884765625, 0, 0.997268617153167724609375, 0, 0.208071887493133544921875, 0, 0, 1, },
			{ 0.99770510196685791015625, 0, 0.06770886480808258056640625, 0, 0, 1, 0, 0, -0.06770886480808258056640625, 0, 0.99770510196685791015625, 0, 0.1982537806034088134765625, 0, 0, 1, },
			{ 0.998093545436859130859375, 0, 0.061718694865703582763671875, 0, 0, 1, 0, 0, -0.061718694865703582763671875, 0, 0.998093545436859130859375, 0, 0.1884362697601318359375, 0, 0, 1, },
			{ 0.998465716838836669921875, 0, 0.0553732924163341522216796875, 0, 0, 1, 0, 0, -0.0553732924163341522216796875, 0, 0.998465716838836669921875, 0, 0.17661742866039276123046875, 0, 0, 1, },
			{ 0.998839855194091796875, 0, 0.04815538227558135986328125, 0, 0, 1, 0, 0, -0.04815538227558135986328125, 0, 0.998839855194091796875, 0, 0.1647985875606536865234375, 0, 0, 1, },
			{ 0.999217689037322998046875, 0, 0.039547048509120941162109375, 0, 0, 1, 0, 0, -0.039547048509120941162109375, 0, 0.999217689037322998046875, 0, 0.15108214318752288818359375, 0, 0, 1, },
			{ 0.99956858158111572265625, 0, 0.02936956845223903656005859375, 0, 0, 1, 0, 0, -0.02936956845223903656005859375, 0, 0.99956858158111572265625, 0, 0.1359521448612213134765625, 0, 0, 1, },
			{ 0.99982321262359619140625, 0, 0.01880376599729061126708984375, 0, 0, 1, 0, 0, -0.01880376599729061126708984375, 0, 0.99982321262359619140625, 0, 0.119565427303314208984375, 0, 0, 1, },
			{ 0.99995601177215576171875, 0, 0.00937186181545257568359375, 0, 0, 1, 0, 0, -0.00937186181545257568359375, 0, 0.99995601177215576171875, 0, 0.1021435558795928955078125, 0, 0, 1, },
			{ 0.999996602535247802734375, 0, 0.00259656645357608795166015625, 0, 0, 1, 0, 0, -0.00259656645357608795166015625, 0, 0.999996602535247802734375, 0, 0.083905637264251708984375, 0, 0, 1, },
			{ 1, 0, 0, 0, 0, 1, 0, 0, 0, 0, 1, 0, 0.06507445871829986572265625, 0, 0, 1, },
			{ 1, 0, 0, 0, 0, 1, 0, 0, 0, 0, 1, 0, 0.04611144959926605224609375, 0, 0, 1, },
			{ 1, 0, 0, 0, 0, 1, 0, 0, 0, 0, 1, 0, 0.028448484838008880615234375, 0, 0, 1, },
			{ 1, 0, 0, 0, 0, 1, 0, 0, 0, 0, 1, 0, 0.013760375790297985076904296875, 0, 0, 1, },
			{ 1, 0, 0, 0, 0, 1, 0, 0, 0, 0, 1, 0, 0, 0, 0, 1, },
		},
	}
end