function data()
return { 
		times = { 0, 41.667000000000001591615728102624416351318359375, 83.332999999999998408384271897375583648681640625, 125, 166.667000000000001591615728102624416351318359375, 208.332999999999998408384271897375583648681640625, 250, 291.66699999999997316990629769861698150634765625, 333.33300000000002683009370230138301849365234375, 375, 416.66699999999997316990629769861698150634765625, 458.33300000000002683009370230138301849365234375, 500, 541.6670000000000300133251585066318511962890625, 583.3329999999999699866748414933681488037109375, 625, 666.6670000000000300133251585066318511962890625, 708.3329999999999699866748414933681488037109375, 750, 791.6670000000000300133251585066318511962890625, 833.3329999999999699866748414933681488037109375, 875, 916.6670000000000300133251585066318511962890625, 958.3329999999999699866748414933681488037109375, 1000, 1041.66699999999991632648743689060211181640625, 1083.33300000000008367351256310939788818359375, 1125, 1166.66699999999991632648743689060211181640625, 1208.33300000000008367351256310939788818359375, 1250, 1291.66699999999991632648743689060211181640625, 1333.33300000000008367351256310939788818359375, 1375, 1416.66699999999991632648743689060211181640625, 1458.33300000000008367351256310939788818359375, 1500, 1541.66699999999991632648743689060211181640625, 1583.33300000000008367351256310939788818359375, 1625, 1666.66699999999991632648743689060211181640625, 1708.33300000000008367351256310939788818359375, 1750, 1791.66699999999991632648743689060211181640625, 1833.33300000000008367351256310939788818359375, 1875, 1916.66699999999991632648743689060211181640625, 1958.33300000000008367351256310939788818359375, 2000, 2083.33300000000008367351256310939788818359375, 2125, 2166.66699999999991632648743689060211181640625, 2208.33300000000008367351256310939788818359375, 2250, 2291.66699999999991632648743689060211181640625, 2333.33300000000008367351256310939788818359375, 2375, 2416.66699999999991632648743689060211181640625, 2458.33300000000008367351256310939788818359375, 2500, 2541.66699999999991632648743689060211181640625, 2583.33300000000008367351256310939788818359375, 2625, 2666.66699999999991632648743689060211181640625, 2708.33300000000008367351256310939788818359375, 2750, 2791.66699999999991632648743689060211181640625, 2833.33300000000008367351256310939788818359375, 2875, 2916.66699999999991632648743689060211181640625, 2958.33300000000008367351256310939788818359375, 3000, 3041.66699999999991632648743689060211181640625, 3083.33300000000008367351256310939788818359375, 3125, 3166.66699999999991632648743689060211181640625, 3208.33300000000008367351256310939788818359375, 3250, 3291.66699999999991632648743689060211181640625, 3333.33300000000008367351256310939788818359375, 3375, 3416.66699999999991632648743689060211181640625, 3458.33300000000008367351256310939788818359375, 3500, 3541.66699999999991632648743689060211181640625, 3583.33300000000008367351256310939788818359375, 3625, 3666.66699999999991632648743689060211181640625, 3708.33300000000008367351256310939788818359375, 3750, 3791.66699999999991632648743689060211181640625, 3833.33300000000008367351256310939788818359375, 3875, 3916.66699999999991632648743689060211181640625, 3958.33300000000008367351256310939788818359375, 4166.6670000000003710738383233547210693359375, },
		transfs = {
			{ 1, 0, -0.0000000000000003564449902619860497884896055609260656638070940971, 0, 0.000000000000003552713678800500929355621337890625, 0.99999988079071044921875, 0, 0, -0.0000000000000003564449373224268463947184137907697731861844658852, 0, 1, 0, 0, 0.00000030517577442878973670303821563720703125, -0.00000019073485191256622783839702606201171875, 1, },
			{ 0.999998390674591064453125, 0.0000000000202220462597324512898921966552734375, -0.0017732083797454833984375, 0, -0.0000000000096207486421917565166950225830078125, 0.99999988079071044921875, -0.0000000000551416655392156229709144099615514278411865234375, 0, 0.0017732083797454833984375, 0.000000000117029941293367301113903522491455078125, 0.999998390674591064453125, 0, 0, 0.00000030517577442878973670303821563720703125, -0.00000019073485191256622783839702606201171875, 1, },
			{ 0.99997985363006591796875, 0.0000000000714379666533204726874828338623046875, -0.00634944438934326171875, 0, -0.000000000034919622748930123634636402130126953125, 0.99999988079071044921875, -0.00000000019737143863718387137851095758378505706787109375, 0, 0.00634944438934326171875, 0.00000000041922021409845910966396331787109375, 0.99997985363006591796875, 0, 0, 0.00000030517577442878973670303821563720703125, -0.00000019073485191256622783839702606201171875, 1, },
			{ 0.999920427799224853515625, 0.00000000013932321962784044444561004638671875, -0.012614606879651546478271484375, 0, -0.000000000070610184366159955970942974090576171875, 0.99999988079071044921875, -0.0000000003919087276926802587695419788360595703125, 0, 0.012614606879651546478271484375, 0.0000000008333298495699636987410485744476318359375, 0.999920427799224853515625, 0, 0, 0.00000030517577442878973670303821563720703125, -0.00000019073485191256622783839702606201171875, 1, },
			{ 0.999810755252838134765625, 0.00000000021046986375949927605688571929931640625, -0.01945382170379161834716796875, 0, -0.000000000110961899391082141619335743598639965057373046875, 0.99999988079071044921875, -0.000000000604029215534040986312902532517910003662109375, 0, 0.01945382170379161834716796875, 0.0000000012858976106144837103784084320068359375, 0.999810755252838134765625, 0, 0, 0.00000030517577442878973670303821563720703125, -0.00000019073485191256622783839702606201171875, 1, },
			{ 0.99966824054718017578125, 0.0000000002732533921356861128515447489917278289794921875, -0.025752961635589599609375, 0, -0.00000000014942003190299146808683872222900390625, 0.99999988079071044921875, -0.000000000799174004750824451548396609723567962646484375, 0, 0.025752961635589599609375, 0.00000000170319935932639054954051971435546875, 0.99966824054718017578125, 0, 0, 0.00000030517577442878973670303821563720703125, -0.00000019073485191256622783839702606201171875, 1, },
			{ 0.999528467655181884765625, 0.00000000032077451805889722891151905059814453125, -0.0307039916515350341796875, 0, -0.00000000018051336814206564440610236488282680511474609375, 0.99999988079071044921875, -0.000000000952404821674690538202412426471710205078125, 0, 0.0307039916515350341796875, 0.0000000020315127358117024414241313934326171875, 0.999528467655181884765625, 0, 0, 0.00000030517577442878973670303821563720703125, -0.00000019073485191256622783839702606201171875, 1, },
			{ 0.9993970394134521484375, 0.00000000035814906595987849868834018707275390625, -0.0347219072282314300537109375, 0, -0.000000000206302530614266288466751575469970703125, 0.99999988079071044921875, -0.00000000107665965032310850801877677440643310546875, 0, 0.0347219072282314300537109375, 0.00000000229815810826039523817598819732666015625, 0.9993970394134521484375, 0, 0, 0.00000030517577442878973670303821563720703125, -0.00000019073485191256622783839702606201171875, 1, },
			{ 0.999257504940032958984375, 0.0000000003925535174698069340593065135180950164794921875, -0.0385278165340423583984375, 0, -0.00000000023120348691119119166614837013185024261474609375, 0.99999988079071044921875, -0.000000001194276233462687741848640143871307373046875, 0, 0.0385278165340423583984375, 0.0000000025508999357271022745408117771148681640625, 0.999257504940032958984375, 0, 0, 0.00000030517577442878973670303821563720703125, -0.00000019073485191256622783839702606201171875, 1, },
			{ 0.99908196926116943359375, 0.00000000043041126218668068759143352508544921875, -0.042841613292694091796875, 0, -0.00000000025996627073254785500466823577880859375, 0.99999988079071044921875, -0.000000001327494114633509525447152554988861083984375, 0, 0.042841613292694091796875, 0.00000000283757461971845259540714323520660400390625, 0.99908196926116943359375, 0, 0, 0.00000030517577442878973670303821563720703125, -0.00000019073485191256622783839702606201171875, 1, },
			{ 0.998828828334808349609375, 0.00000000047722181761855608783662319183349609375, -0.0483832918107509613037109375, 0, -0.000000000297770696988663985393941402435302734375, 0.99999988079071044921875, -0.00000000149848489172654808498919010162353515625, 0, 0.0483832918107509613037109375, 0.0000000032061624466450666659511625766754150390625, 0.998828828334808349609375, 0, 0, 0.00000030517577442878973670303821563720703125, -0.00000019073485191256622783839702606201171875, 1, },
			{ 0.998449981212615966796875, 0.00000000053555737622446031309664249420166015625, -0.0556546747684478759765625, 0, -0.00000000034882674526670598424971103668212890625, 0.99999988079071044921875, -0.00000000172259273512054278398863971233367919921875, 0, 0.0556546747684478759765625, 0.0000000036903313738179122083238326013088226318359375, 0.998449981212615966796875, 0, 0, 0.00000030517577442878973670303821563720703125, -0.00000019073485191256622783839702606201171875, 1, },
			{ 0.9979312419891357421875, 0.000000000600287763941054208771674893796443939208984375, -0.0642895400524139404296875, 0, -0.0000000004116067209292140205434407107532024383544921875, 0.99999988079071044921875, -0.00000000198834992914953545550815761089324951171875, 0, 0.0642895400524139404296875, 0.00000000426607726922156871296465396881103515625, 0.9979312419891357421875, 0, 0, 0.00000030517577442878973670303821563720703125, -0.00000019073485191256622783839702606201171875, 1, },
			{ 0.997280120849609375, 0.0000000006652243200733209960162639617919921875, -0.0737048685550689697265625, 0, -0.000000000482714312965981662273406982421875, 0.99999988079071044921875, -0.00000000227766694393949364894069731235504150390625, 0, 0.0737048685550689697265625, 0.000000004894844085612248818506486713886260986328125, 0.997280120849609375, 0, 0, 0.00000030517577442878973670303821563720703125, -0.00000019073485191256622783839702606201171875, 1, },
			{ 0.996522963047027587890625, 0.0000000007254357115016318857669830322265625, -0.08331881463527679443359375, 0, -0.00000000055819526778577710501849651336669921875, 0.99999988079071044921875, -0.0000000025725892527361793327145278453826904296875, 0, 0.08331881463527679443359375, 0.000000005537929670396124492981471121311187744140625, 0.996522963047027587890625, 0, 0, 0.00000030517577442878973670303821563720703125, -0.00000019073485191256622783839702606201171875, 1, },
			{ 0.995707988739013671875, 0.000000000777461595102835190118639729917049407958984375, -0.09255053102970123291015625, 0, -0.00000000063340621636598370969295501708984375, 0.99999988079071044921875, -0.000000002855312430938283796422183513641357421875, 0, 0.09255053102970123291015625, 0.0000000061564602304997606552205979824066162109375, 0.995707988739013671875, 0, 0, 0.00000030517577442878973670303821563720703125, -0.00000019073485191256622783839702606201171875, 1, },
			{ 0.9948909282684326171875, 0.0000000008198668410841492004692554473876953125, -0.10095511376857757568359375, 0, -0.000000000704215352698156493715941905975341796875, 0.99999988079071044921875, -0.00000000311229797489431803114712238311767578125, 0, 0.10095511376857757568359375, 0.000000006720429102102798424311913549900054931640625, 0.9948909282684326171875, 0, 0, 0.00000030517577442878973670303821563720703125, -0.00000019073485191256622783839702606201171875, 1, },
			{ 0.994083106517791748046875, 0.00000000085443474517887807451188564300537109375, -0.1086223423480987548828125, 0, -0.00000000077076123261576867662370204925537109375, 0.99999988079071044921875, -0.0000000033463967152869145138538442552089691162109375, 0, 0.1086223423480987548828125, 0.000000007235635646196669767959974706172943115234375, 0.994083106517791748046875, 0, 0, 0.00000030517577442878973670303821563720703125, -0.00000019073485191256622783839702606201171875, 1, },
			{ 0.993275463581085205078125, 0.00000000088311224999415571801364421844482421875, -0.11577515304088592529296875, 0, -0.000000000834514679581843665800988674163818359375, 0.99999988079071044921875, -0.00000000356450069460834129131399095058441162109375, 0, 0.11577515304088592529296875, 0.000000007716895567000392475165426731109619140625, 0.993275463581085205078125, 0, 0, 0.00000030517577442878973670303821563720703125, -0.00000019073485191256622783839702606201171875, 1, },
			{ 0.992451608180999755859375, 0.0000000009073772844203631393611431121826171875, -0.12263603508472442626953125, 0, -0.000000000897195151505769672439782880246639251708984375, 0.99999988079071044921875, -0.00000000377343933877227755147032439708709716796875, 0, 0.12263603508472442626953125, 0.0000000081790769712597466423176229000091552734375, 0.992451608180999755859375, 0, 0, 0.00000030517577442878973670303821563720703125, -0.00000019073485191256622783839702606201171875, 1, },
			{ 0.991589009761810302734375, 0.000000000928267185340558853567927144467830657958984375, -0.12942655384540557861328125, 0, -0.000000000960707069452837458811700344085693359375, 0.99999988079071044921875, -0.000000003979977236667764373123645782470703125, 0, 0.12942655384540557861328125, 0.0000000086370590679507586173713207244873046875, 0.991589009761810302734375, 0, 0, 0.00000030517577442878973670303821563720703125, -0.00000019073485191256622783839702606201171875, 1, },
			{ 0.990665614604949951171875, 0.00000000094627949920322862453758716583251953125, -0.136313974857330322265625, 0, -0.00000000102662767176298075355589389801025390625, 0.99999988079071044921875, -0.000000004189200097926004673354327678680419921875, 0, 0.136313974857330322265625, 0.00000000910213060478781699202954769134521484375, 0.990665614604949951171875, 0, 0, 0.00000030517577442878973670303821563720703125, -0.00000019073485191256622783839702606201171875, 1, },
			{ 0.989686429500579833984375, 0.0000000009611511586626875214278697967529296875, -0.14325045049190521240234375, 0, -0.000000001094552004587967530824244022369384765625, 0.99999988079071044921875, -0.000000004399648645403431146405637264251708984375, 0, 0.14325045049190521240234375, 0.0000000095710817049621255137026309967041015625, 0.989686429500579833984375, 0, 0, 0.00000030517577442878973670303821563720703125, -0.00000019073485191256622783839702606201171875, 1, },
			{ 0.98866558074951171875, 0.00000000097268326726407394744455814361572265625, -0.150134384632110595703125, 0, -0.0000000011634853080977336503565311431884765625, 0.99999988079071044921875, -0.0000000046082373472700055572204291820526123046875, 0, 0.150134384632110595703125, 0.00000001003704230839730371371842920780181884765625, 0.98866558074951171875, 0, 0, 0.00000030517577442878973670303821563720703125, -0.00000019073485191256622783839702606201171875, 1, },
			{ 0.98761999607086181640625, 0.00000000098082608701588469557464122772216796875, -0.156864941120147705078125, 0, -0.00000000123235821547496016137301921844482421875, 0.99999988079071044921875, -0.00000000481192241608141557662747800350189208984375, 0, 0.156864941120147705078125, 0.000000010493163671299043926410377025604248046875, 0.98761999607086181640625, 0, 0, 0.00000030517577442878973670303821563720703125, -0.00000019073485191256622783839702606201171875, 1, },
			{ 0.986569583415985107421875, 0.0000000009857359373199869878590106964111328125, -0.1633416116237640380859375, 0, -0.0000000013000143184171975008212029933929443359375, 0.99999988079071044921875, -0.00000000500768493338910047896206378936767578125, 0, 0.1633416116237640380859375, 0.00000001093258905626726118498481810092926025390625, 0.986569583415985107421875, 0, 0, 0.00000030517577442878973670303821563720703125, -0.00000019073485191256622783839702606201171875, 1, },
			{ 0.985531866550445556640625, 0.00000000098771835155275766737759113311767578125, -0.16948981583118438720703125, 0, -0.0000000013655014896585271344520151615142822265625, 0.99999988079071044921875, -0.000000005193300012251711450517177581787109375, 0, 0.16948981583118438720703125, 0.00000001135019100928502666647545993328094482421875, 0.985531866550445556640625, 0, 0, 0.00000030517577442878973670303821563720703125, -0.00000019073485191256622783839702606201171875, 1, },
			{ 0.984508335590362548828125, 0.00000000098720676078301039524376392364501953125, -0.17533762753009796142578125, 0, -0.00000000142892264687333181427675299346446990966796875, 0.99999988079071044921875, -0.00000000536964961384001071564853191375732421875, 0, 0.17533762753009796142578125, 0.00000001174781072421637873048894107341766357421875, 0.984508335590362548828125, 0, 0, 0.00000030517577442878973670303821563720703125, -0.00000019073485191256622783839702606201171875, 1, },
			{ 0.9834945201873779296875, 0.00000000098448527108274674901622347533702850341796875, -0.18093831837177276611328125, 0, -0.00000000149071155419733258895576000213623046875, 0.99999988079071044921875, -0.00000000553836354555414800415746867656707763671875, 0, 0.18093831837177276611328125, 0.00000001212901157288115427945740520954132080078125, 0.9834945201873779296875, 0, 0, 0.00000030517577442878973670303821563720703125, -0.00000019073485191256622783839702606201171875, 1, },
			{ 0.982484340667724609375, 0.00000000097978869462167494930326938629150390625, -0.18634511530399322509765625, 0, -0.000000001551331507698705536313354969024658203125, 0.99999988079071044921875, -0.00000000570107072661585334572009742259979248046875, 0, 0.18634511530399322509765625, 0.00000001249737380248916451819241046905517578125, 0.982484340667724609375, 0, 0, 0.00000030517577442878973670303821563720703125, -0.00000019073485191256622783839702606201171875, 1, },
			{ 0.98147094249725341796875, 0.00000000097326591230739722959697246551513671875, -0.1916110217571258544921875, 0, -0.0000000016112959855263397912494838237762451171875, 0.99999988079071044921875, -0.00000000585937609542952486663125455379486083984375, 0, 0.1916110217571258544921875, 0.000000012856478548428640351630747318267822265625, 0.98147094249725341796875, 0, 0, 0.00000030517577442878973670303821563720703125, -0.00000019073485191256622783839702606201171875, 1, },
			{ 0.98044645786285400390625, 0.0000000009649738785810768604278564453125, -0.1967854797840118408203125, 0, -0.00000000167110403292980436162906698882579803466796875, 0.99999988079071044921875, -0.00000000601477978534603607840836048126220703125, 0, 0.1967854797840118408203125, 0.000000013209675131520270952023565769195556640625, 0.98044645786285400390625, 0, 0, 0.00000030517577442878973670303821563720703125, -0.00000019073485191256622783839702606201171875, 1, },
			{ 0.979404985904693603515625, 0.00000000095491969887007144279778003692626953125, -0.2019052803516387939453125, 0, -0.00000000173115199952889042833703570067882537841796875, 0.99999988079071044921875, -0.000000006168388022587123487028293311595916748046875, 0, 0.2019052803516387939453125, 0.000000013559457556766574271023273468017578125, 0.979404985904693603515625, 0, 0, 0.00000030517577442878973670303821563720703125, -0.00000019073485191256622783839702606201171875, 1, },
			{ 0.978340208530426025390625, 0.00000000094308205689230817370116710662841796875, -0.20700360834598541259765625, 0, -0.00000000179181114390303264372050762176513671875, 0.99999988079071044921875, -0.0000000063212013401425792835652828216552734375, 0, 0.20700360834598541259765625, 0.00000001390808979095936592784710228443145751953125, 0.978340208530426025390625, 0, 0, 0.00000030517577442878973670303821563720703125, -0.00000019073485191256622783839702606201171875, 1, },
			{ 0.97724497318267822265625, 0.0000000009293756875194958411157131195068359375, -0.212113440036773681640625, 0, -0.0000000018534738188691335381008684635162353515625, 0.99999988079071044921875, -0.00000000647421227739641835796646773815155029296875, 0, 0.212113440036773681640625, 0.000000014257832248176782741211354732513427734375, 0.97724497318267822265625, 0, 0, 0.00000030517577442878973670303821563720703125, -0.00000019073485191256622783839702606201171875, 1, },
			{ 0.97611200809478759765625, 0.00000000091367979848655522800981998443603515625, -0.2172679007053375244140625, 0, -0.000000001916557579306754632852971553802490234375, 0.99999988079071044921875, -0.0000000066284062683052979991771280765533447265625, 0, 0.2172679007053375244140625, 0.0000000146109524479243191308341920375823974609375, 0.97611200809478759765625, 0, 0, 0.00000030517577442878973670303821563720703125, -0.00000019073485191256622783839702606201171875, 1, },
			{ 0.97494029998779296875, 0.000000000895944596290831896112649701535701751708984375, -0.2224666774272918701171875, 0, -0.0000000019810801887842899304814636707305908203125, 0.99999988079071044921875, -0.000000006783768657925293155130930244922637939453125, 0, 0.2224666774272918701171875, 0.0000000149674423965961977955885231494903564453125, 0.97494029998779296875, 0, 0, 0.00000030517577442878973670303821563720703125, -0.00000019073485191256622783839702606201171875, 1, },
			{ 0.973760068416595458984375, 0.0000000008766249948166660033166408538818359375, -0.2275770008563995361328125, 0, -0.0000000020453911897533316732733510434627532958984375, 0.99999988079071044921875, -0.00000000693633506188007231685332953929901123046875, 0, 0.2275770008563995361328125, 0.000000015318192936319974251091480255126953125, 0.973760068416595458984375, 0, 0, 0.00000030517577442878973670303821563720703125, -0.00000019073485191256622783839702606201171875, 1, },
			{ 0.972612202167510986328125, 0.000000000856545057104085572063922882080078125, -0.23243398964405059814453125, 0, -0.0000000021073294220741445315070450305938720703125, 0.99999988079071044921875, -0.0000000070811960739547430421225726604461669921875, 0, 0.23243398964405059814453125, 0.000000015651853146891880896873772144317626953125, 0.972612202167510986328125, 0, 0, 0.00000030517577442878973670303821563720703125, -0.00000019073485191256622783839702606201171875, 1, },
			{ 0.971540510654449462890625, 0.000000000836706648410512343616574071347713470458984375, -0.23687337338924407958984375, 0, -0.0000000021646382464268754119984805583953857421875, 0.99999988079071044921875, -0.000000007213479147338830443914048373699188232421875, 0, 0.23687337338924407958984375, 0.0000000159570827662491865339688956737518310546875, 0.971540510654449462890625, 0, 0, 0.00000030517577442878973670303821563720703125, -0.00000019073485191256622783839702606201171875, 1, },
			{ 0.970591723918914794921875, 0.000000000818310696981683349804370664060115814208984375, -0.24073149263858795166015625, 0, -0.0000000022149888589950705863884650170803070068359375, 0.99999988079071044921875, -0.00000000732835037098311659065075218677520751953125, 0, 0.24073149263858795166015625, 0.000000016222546861399678164161741733551025390625, 0.970591723918914794921875, 0, 0, 0.00000030517577442878973670303821563720703125, -0.00000019073485191256622783839702606201171875, 1, },
			{ 0.969803512096405029296875, 0.0000000008024727549127419479191303253173828125, -0.2438876330852508544921875, 0, -0.0000000022565505020111231715418398380279541015625, 0.99999988079071044921875, -0.0000000074222530344059123308397829532623291015625, 0, 0.2438876330852508544921875, 0.00000001643984859356351080350577831268310546875, 0.969803512096405029296875, 0, 0, 0.00000030517577442878973670303821563720703125, -0.00000019073485191256622783839702606201171875, 1, },
			{ 0.9691708087921142578125, 0.00000000078939166314739850349724292755126953125, -0.24638974666595458984375, 0, -0.00000000228974528226899565197527408599853515625, 0.99999988079071044921875, -0.0000000074966575169810312218032777309417724609375, 0, 0.24638974666595458984375, 0.00000001661221205040419590659439563751220703125, 0.9691708087921142578125, 0, 0, 0.00000030517577442878973670303821563720703125, -0.00000019073485191256622783839702606201171875, 1, },
			{ 0.968676090240478515625, 0.000000000778960840275289001510827802121639251708984375, -0.24832777678966522216796875, 0, -0.000000002315601932423305697739124298095703125, 0.99999988079071044921875, -0.0000000075542612165691025438718497753143310546875, 0, 0.24832777678966522216796875, 0.000000016745769215731343138031661510467529296875, 0.968676090240478515625, 0, 0, 0.00000030517577442878973670303821563720703125, -0.00000019073485191256622783839702606201171875, 1, },
			{ 0.968299686908721923828125, 0.000000000770896180224411864401190541684627532958984375, -0.24979107081890106201171875, 0, -0.000000002335209359216605662368237972259521484375, 0.99999988079071044921875, -0.00000000759774021474868277437053620815277099609375, 0, 0.24979107081890106201171875, 0.0000000168466414152135257609188556671142578125, 0.968299686908721923828125, 0, 0, 0.00000030517577442878973670303821563720703125, -0.00000019073485191256622783839702606201171875, 1, },
			{ 0.9680211544036865234375, 0.000000000764863672397808613823144696652889251708984375, -0.2508687674999237060546875, 0, -0.0000000023496991019555935054086148738861083984375, 0.99999988079071044921875, -0.0000000076297510531730949878692626953125, 0, 0.2508687674999237060546875, 0.000000016920949974519317038357257843017578125, 0.9680211544036865234375, 0, 0, 0.00000030517577442878973670303821563720703125, -0.00000019073485191256622783839702606201171875, 1, },
			{ 0.96782028675079345703125, 0.00000000076047257380196242593228816986083984375, -0.2516423761844635009765625, 0, -0.0000000023601227638891941751353442668914794921875, 0.99999988079071044921875, -0.00000000765272734071231752750463783740997314453125, 0, 0.2516423761844635009765625, 0.0000000169743028521907035610638558864593505859375, 0.96782028675079345703125, 0, 0, 0.00000030517577442878973670303821563720703125, -0.00000019073485191256622783839702606201171875, 1, },
			{ 0.96768438816070556640625, 0.000000000757488238800618773893802426755428314208984375, -0.2521648406982421875, 0, -0.0000000023671731241847737692296504974365234375, 0.99999988079071044921875, -0.00000000766824204134763931506313383579254150390625, 0, 0.2521648406982421875, 0.00000001701033625067793764173984527587890625, 0.96768438816070556640625, 0, 0, 0.00000030517577442878973670303821563720703125, -0.00000019073485191256622783839702606201171875, 1, },
			{ 0.967601597309112548828125, 0.00000000075566930490822414867579936981201171875, -0.2524816989898681640625, 0, -0.0000000023714559205245677730999886989593505859375, 0.99999988079071044921875, -0.0000000076776505153475227416492998600006103515625, 0, 0.2524816989898681640625, 0.000000017032192545229918323457241058349609375, 0.967601597309112548828125, 0, 0, 0.00000030517577442878973670303821563720703125, -0.00000019073485191256622783839702606201171875, 1, },
			{ 0.967549741268157958984375, 0.00000000075451822567629278637468814849853515625, -0.2526805698871612548828125, 0, -0.0000000023741453247794197523035109043121337890625, 0.99999988079071044921875, -0.000000007683556901838528574444353580474853515625, 0, 0.2526805698871612548828125, 0.00000001704591312545744585804641246795654296875, 0.967549741268157958984375, 0, 0, 0.00000030517577442878973670303821563720703125, -0.00000019073485191256622783839702606201171875, 1, },
			{ 0.967561185359954833984375, 0.0000000007547669156338088214397430419921875, -0.252636730670928955078125, 0, -0.0000000023735520215950600686483085155487060546875, 0.99999988079071044921875, -0.00000000768225572045366789097897708415985107421875, 0, 0.252636730670928955078125, 0.0000000170428879897599472315050661563873291015625, 0.967561185359954833984375, 0, 0, 0.00000030517577442878973670303821563720703125, -0.00000019073485191256622783839702606201171875, 1, },
			{ 0.967641294002532958984375, 0.00000000075653616704585147090256214141845703125, -0.252330005168914794921875, 0, -0.000000002369407781088739284314215183258056640625, 0.99999988079071044921875, -0.00000000767314656258122340659610927104949951171875, 0, 0.252330005168914794921875, 0.000000017021729803445850848220288753509521484375, 0.967641294002532958984375, 0, 0, 0.00000030517577442878973670303821563720703125, -0.00000019073485191256622783839702606201171875, 1, },
			{ 0.96785795688629150390625, 0.000000000761296747864292910890071652829647064208984375, -0.25149714946746826171875, 0, -0.0000000023581632202507307738414965569972991943359375, 0.99999988079071044921875, -0.0000000076484152344846734195016324520111083984375, 0, 0.25149714946746826171875, 0.00000001696428597597332554869353771209716796875, 0.96785795688629150390625, 0, 0, 0.00000030517577442878973670303821563720703125, -0.00000019073485191256622783839702606201171875, 1, },
			{ 0.968278110027313232421875, 0.000000000770427277529961429536342620849609375, -0.24987472593784332275390625, 0, -0.0000000023363337930959460209123790264129638671875, 0.99999988079071044921875, -0.000000007600224449788584024645388126373291015625, 0, 0.24987472593784332275390625, 0.0000000168524110222278977744281291961669921875, 0.968278110027313232421875, 0, 0, 0.00000030517577442878973670303821563720703125, -0.00000019073485191256622783839702606201171875, 1, },
			{ 0.968964874744415283203125, 0.00000000078507156331397709436714649200439453125, -0.2471984326839447021484375, 0, -0.0000000023005188864999581710435450077056884765625, 0.99999988079071044921875, -0.00000000752069606591021511121653020381927490234375, 0, 0.2471984326839447021484375, 0.000000016667936364456181763671338558197021484375, 0.968964874744415283203125, 0, 0, 0.00000030517577442878973670303821563720703125, -0.00000019073485191256622783839702606201171875, 1, },
			{ 0.9700644016265869140625, 0.000000000807773403721512295305728912353515625, -0.24284790456295013427734375, 0, -0.0000000022428228163562380359508097171783447265625, 0.99999988079071044921875, -0.000000007391324885475114569999277591705322265625, 0, 0.24284790456295013427734375, 0.0000000163682489784378049080260097980499267578125, 0.9700644016265869140625, 0, 0, 0.00000030517577442878973670303821563720703125, -0.00000019073485191256622783839702606201171875, 1, },
			{ 0.97157061100006103515625, 0.000000000837275138110271655023097991943359375, -0.2367500960826873779296875, 0, -0.0000000021630375268699708612984977662563323974609375, 0.99999988079071044921875, -0.0000000072098078618409999762661755084991455078125, 0, 0.2367500960826873779296875, 0.0000000159486024386978897382505238056182861328125, 0.97157061100006103515625, 0, 0, 0.00000030517577442878973670303821563720703125, -0.00000019073485191256622783839702606201171875, 1, },
			{ 0.973317563533782958984375, 0.000000000869036342887596902073710225522518157958984375, -0.2294620573520660400390625, 0, -0.0000000020693367019930519745685160160064697265625, 0.99999988079071044921875, -0.000000006992572298969434996251948177814483642578125, 0, 0.2294620573520660400390625, 0.0000000154476520464186251047067344188690185546875, 0.973317563533782958984375, 0, 0, 0.00000030517577442878973670303821563720703125, -0.00000019073485191256622783839702606201171875, 1, },
			{ 0.975150525569915771484375, 0.000000000899234409157401159973233006894588470458984375, -0.22154366970062255859375, 0, -0.0000000019695587383239399059675633907318115234375, 0.99999988079071044921875, -0.0000000067561956029749126173555850982666015625, 0, 0.22154366970062255859375, 0.00000001490412415705577586777508258819580078125, 0.975150525569915771484375, 0, 0, 0.00000030517577442878973670303821563720703125, -0.00000019073485191256622783839702606201171875, 1, },
			{ 0.97693026065826416015625, 0.000000000925162113585287215755670331418514251708984375, -0.213558852672576904296875, 0, -0.0000000018710739624339112197048962116241455078125, 0.99999988079071044921875, -0.000000006517467010525024306843988597393035888671875, 0, 0.213558852672576904296875, 0.00000001435682239758762079873122274875640869140625, 0.97693026065826416015625, 0, 0, 0.00000030517577442878973670303821563720703125, -0.00000019073485191256622783839702606201171875, 1, },
			{ 0.978557288646697998046875, 0.00000000094561158903161413036286830902099609375, -0.20597432553768157958984375, 0, -0.00000000177949910362684704523417167365550994873046875, 0.99999988079071044921875, -0.000000006290363341321381085435859858989715576171875, 0, 0.20597432553768157958984375, 0.00000001383768388762973700067959725856781005859375, 0.978557288646697998046875, 0, 0, 0.00000030517577442878973670303821563720703125, -0.00000019073485191256622783839702606201171875, 1, },
			{ 0.980029165744781494140625, 0.00000000096112984238061471842229366302490234375, -0.19885359704494476318359375, 0, -0.0000000016952572678974320297129452228546142578125, 0.99999988079071044921875, -0.000000006076845249225470979581587016582489013671875, 0, 0.19885359704494476318359375, 0.00000001335092836285411976859904825687408447265625, 0.980029165744781494140625, 0, 0, 0.00000030517577442878973670303821563720703125, -0.00000019073485191256622783839702606201171875, 1, },
			{ 0.981363832950592041015625, 0.000000000972477209870703518390655517578125, -0.19215853512287139892578125, 0, -0.000000001617582512380977277643978595733642578125, 0.99999988079071044921875, -0.00000000587582604794079088605940341949462890625, 0, 0.19215853512287139892578125, 0.00000001289383622093964731902815401554107666015625, 0.981363832950592041015625, 0, 0, 0.00000030517577442878973670303821563720703125, -0.00000019073485191256622783839702606201171875, 1, },
			{ 0.982577979564666748046875, 0.00000000098030028539142222143709659576416015625, -0.18585057556629180908203125, 0, -0.00000000154574475441648928608628921210765838623046875, 0.99999988079071044921875, -0.000000005686195070353505798266269266605377197265625, 0, 0.18585057556629180908203125, 0.00000001246366654328312506549991667270660400390625, 0.982577979564666748046875, 0, 0, 0.00000030517577442878973670303821563720703125, -0.00000019073485191256622783839702606201171875, 1, },
			{ 0.98368656635284423828125, 0.00000000098515329227666370570659637451171875, -0.179890811443328857421875, 0, -0.0000000014790746405424215481616556644439697265625, 0.99999988079071044921875, -0.000000005506823441692176857031881809234619140625, 0, 0.179890811443328857421875, 0.00000001205768551670871602254919707775115966796875, 0.98368656635284423828125, 0, 0, 0.00000030517577442878973670303821563720703125, -0.00000019073485191256622783839702606201171875, 1, },
			{ 0.98470747470855712890625, 0.000000000987483872449956834316253662109375, -0.17421545088291168212890625, 0, -0.0000000014166676720606119488365948200225830078125, 0.99999988079071044921875, -0.000000005335822894636521596112288534641265869140625, 0, 0.17421545088291168212890625, 0.0000000116714762299352514673955738544464111328125, 0.98470747470855712890625, 0, 0, 0.00000030517577442878973670303821563720703125, -0.00000019073485191256622783839702606201171875, 1, },
			{ 0.9856739044189453125, 0.00000000098760466471503605134785175323486328125, -0.1686621606349945068359375, 0, -0.0000000013566126000341682811267673969268798828125, 0.99999988079071044921875, -0.0000000051683262114465833292342722415924072265625, 0, 0.1686621606349945068359375, 0.00000001129394799903593593626283109188079833984375, 0.9856739044189453125, 0, 0, 0.00000030517577442878973670303821563720703125, -0.00000019073485191256622783839702606201171875, 1, },
			{ 0.986618816852569580078125, 0.00000000098557251249076216481626033782958984375, -0.16304363310337066650390625, 0, -0.00000000129687549588197725825011730194091796875, 0.99999988079071044921875, -0.0000000049986841332838594098575413227081298828125, 0, 0.16304363310337066650390625, 0.00000001091236345729384993319399654865264892578125, 0.986618816852569580078125, 0, 0, 0.00000030517577442878973670303821563720703125, -0.00000019073485191256622783839702606201171875, 1, },
			{ 0.987571299076080322265625, 0.0000000009811316203922615386545658111572265625, -0.15717180073261260986328125, 0, -0.000000001235537894217486609704792499542236328125, 0.99999988079071044921875, -0.000000004821202992388862185180187225341796875, 0, 0.15717180073261260986328125, 0.0000000105139719153157784603536128997802734375, 0.987571299076080322265625, 0, 0, 0.00000030517577442878973670303821563720703125, -0.00000019073485191256622783839702606201171875, 1, },
			{ 0.988555490970611572265625, 0.00000000097370644880356849171221256256103515625, -0.15085761249065399169921875, 0, -0.00000000117081799810847542175906710326671600341796875, 0.99999988079071044921875, -0.0000000046301362743861318449489772319793701171875, 0, 0.15085761249065399169921875, 0.0000000100860280127790247206576168537139892578125, 0.988555490970611572265625, 0, 0, 0.00000030517577442878973670303821563720703125, -0.00000019073485191256622783839702606201171875, 1, },
			{ 0.989578783512115478515625, 0.00000000096255092785213491879403591156005859375, -0.14399228990077972412109375, 0, -0.000000001101906121903084567748010158538818359375, 0.99999988079071044921875, -0.00000000442214087570391711778938770294189453125, 0, 0.14399228990077972412109375, 0.00000000962127000292412049020640552043914794921875, 0.989578783512115478515625, 0, 0, 0.00000030517577442878973670303821563720703125, -0.00000019073485191256622783839702606201171875, 1, },
			{ 0.990600109100341796875, 0.00000000094740926215308718383312225341796875, -0.136789739131927490234375, 0, -0.0000000010312390941180638037621974945068359375, 0.99999988079071044921875, -0.0000000042036436553871681098826229572296142578125, 0, 0.136789739131927490234375, 0.000000009134279110867282724939286708831787109375, 0.990600109100341796875, 0, 0, 0.00000030517577442878973670303821563720703125, -0.00000019073485191256622783839702606201171875, 1, },
			{ 0.99157345294952392578125, 0.000000000928615351281081302659003995358943939208984375, -0.12954561412334442138671875, 0, -0.00000000096183316866671475509065203368663787841796875, 0.99999988079071044921875, -0.00000000398359478737120298319496214389801025390625, 0, 0.12954561412334442138671875, 0.0000000086450935299353659502230584621429443359375, 0.99157345294952392578125, 0, 0, 0.00000030517577442878973670303821563720703125, -0.00000019073485191256622783839702606201171875, 1, },
			{ 0.99246156215667724609375, 0.000000000907121433524338272036402486264705657958984375, -0.122556649148464202880859375, 0, -0.000000000896463292487936769248335622251033782958984375, 0.99999988079071044921875, -0.0000000037710226052922735107131302356719970703125, 0, 0.122556649148464202880859375, 0.0000000081737265844594730879180133342742919921875, 0.99246156215667724609375, 0, 0, 0.00000030517577442878973670303821563720703125, -0.00000019073485191256622783839702606201171875, 1, },
			{ 0.993235111236572265625, 0.000000000884405382262087869094102643430233001708984375, -0.11612080037593841552734375, 0, -0.00000000083763751490550930611789226531982421875, 0.99999988079071044921875, -0.0000000035750336024875650764442980289459228515625, 0, 0.11612080037593841552734375, 0.0000000077401676179533751565031707286834716796875, 0.993235111236572265625, 0, 0, 0.00000030517577442878973670303821563720703125, -0.00000019073485191256622783839702606201171875, 1, },
			{ 0.99388396739959716796875, 0.0000000008619878144600079394876956939697265625, -0.11042867600917816162109375, 0, -0.000000000786705756095074093536823056638240814208984375, 0.99999988079071044921875, -0.00000000340150307920339400880038738250732421875, 0, 0.11042867600917816162109375, 0.000000007357116249551154396613128483295440673828125, 0.99388396739959716796875, 0, 0, 0.00000030517577442878973670303821563720703125, -0.00000019073485191256622783839702606201171875, 1, },
			{ 0.9944469928741455078125, 0.000000000839662561702425591647624969482421875, -0.105239093303680419921875, 0, -0.0000000007411671276713605038821697235107421875, 0.99999988079071044921875, -0.00000000324313731425718287937343120574951171875, 0, 0.105239093303680419921875, 0.0000000070082091241374655510298907756805419921875, 0.9944469928741455078125, 0, 0, 0.00000030517577442878973670303821563720703125, -0.00000019073485191256622783839702606201171875, 1, },
