function data()
return { 
		times = { 0, 41.667000000000001591615728102624416351318359375, 83.332999999999998408384271897375583648681640625, 125, 166.667000000000001591615728102624416351318359375, 208.332999999999998408384271897375583648681640625, 250, 291.66699999999997316990629769861698150634765625, 333.33300000000002683009370230138301849365234375, 375, 416.66699999999997316990629769861698150634765625, 458.33300000000002683009370230138301849365234375, 500, 541.6670000000000300133251585066318511962890625, 583.3329999999999699866748414933681488037109375, 625, 666.6670000000000300133251585066318511962890625, 708.3329999999999699866748414933681488037109375, 750, 791.6670000000000300133251585066318511962890625, 833.3329999999999699866748414933681488037109375, 875, 916.6670000000000300133251585066318511962890625, 958.3329999999999699866748414933681488037109375, 1000, 1041.66699999999991632648743689060211181640625, 1083.33300000000008367351256310939788818359375, 1125, 1166.66699999999991632648743689060211181640625, 1208.33300000000008367351256310939788818359375, 1250, 1291.66699999999991632648743689060211181640625, 1333.33300000000008367351256310939788818359375, 1375, 1416.66699999999991632648743689060211181640625, 1458.33300000000008367351256310939788818359375, 1500, 1541.66699999999991632648743689060211181640625, 1583.33300000000008367351256310939788818359375, 1625, 1666.66699999999991632648743689060211181640625, 1708.33300000000008367351256310939788818359375, 1750, 1791.66699999999991632648743689060211181640625, 1833.33300000000008367351256310939788818359375, 1875, 1916.66699999999991632648743689060211181640625, 1958.33300000000008367351256310939788818359375, 2000, 2041.66699999999991632648743689060211181640625, 2083.33300000000008367351256310939788818359375, 2125, 2166.66699999999991632648743689060211181640625, 2208.33300000000008367351256310939788818359375, 2250, 2291.66699999999991632648743689060211181640625, 2333.33300000000008367351256310939788818359375, 2375, 2416.66699999999991632648743689060211181640625, 2458.33300000000008367351256310939788818359375, 2500, 2541.66699999999991632648743689060211181640625, 2583.33300000000008367351256310939788818359375, 2625, 2666.66699999999991632648743689060211181640625, 2708.33300000000008367351256310939788818359375, 2750, 2791.66699999999991632648743689060211181640625, 2833.33300000000008367351256310939788818359375, 2875, 2916.66699999999991632648743689060211181640625, 2958.33300000000008367351256310939788818359375, 3000, 3041.66699999999991632648743689060211181640625, 3083.33300000000008367351256310939788818359375, 3125, 3166.66699999999991632648743689060211181640625, 3208.33300000000008367351256310939788818359375, 3250, 3291.66699999999991632648743689060211181640625, 3333.33300000000008367351256310939788818359375, 3375, 3416.66699999999991632648743689060211181640625, 3458.33300000000008367351256310939788818359375, 3500, 3541.66699999999991632648743689060211181640625, 3583.33300000000008367351256310939788818359375, 3625, 3666.66699999999991632648743689060211181640625, 3708.33300000000008367351256310939788818359375, 3750, 3791.66699999999991632648743689060211181640625, 3833.33300000000008367351256310939788818359375, 3875, 3916.66699999999991632648743689060211181640625, 3958.33300000000008367351256310939788818359375, 4000, 4041.66699999999991632648743689060211181640625, 4083.33300000000008367351256310939788818359375, 4125, 4166.6670000000003710738383233547210693359375, },
		transfs = {
			{ 1, 0, 0, 0, 0, 1, 0, 0, 0, 0, 1, 0, 0, 0, 0, 1, },
			{ 1, 0, 0, 0, 0, 1, 0, 0, 0, 0, 1, 0, 0.009930114261806011199951171875, 0, -0.0006479644798673689365386962890625, 1, },
			{ 1, 0, 0, 0, 0, 1, 0, 0, 0, 0, 1, 0, 0.03028228692710399627685546875, 0, -0.001295928959734737873077392578125, 1, },
			{ 0.999998867511749267578125, 0, 0.00150414020754396915435791015625, 0, 0, 1, 0, 0, -0.00150414020754396915435791015625, 0, 0.999998867511749267578125, 0, 0.0494525134563446044921875, 0, -0.0036395261995494365692138671875, 1, },
			{ 0.99999535083770751953125, 0, 0.00305694085545837879180908203125, 0, 0, 1, 0, 0, -0.00305694085545837879180908203125, 0, 0.99999535083770751953125, 0, 0.066069640219211578369140625, 0, -0.0072833248414099216461181640625, 1, },
			{ 0.9999897480010986328125, 0, 0.0045327893458306789398193359375, 0, 0, 1, 0, 0, -0.0045327893458306789398193359375, 0, 0.9999897480010986328125, 0, 0.081319577991962432861328125, 0, -0.01214164681732654571533203125, 1, },
			{ 0.9999768733978271484375, 0, 0.006790499202907085418701171875, 0, 0, 1, 0, 0, -0.006790499202907085418701171875, 0, 0.9999768733978271484375, 0, 0.096178583800792694091796875, 0, -0.0181243121623992919921875, 1, },
			{ 0.999952971935272216796875, 0, 0.009696585126221179962158203125, 0, 0, 1, 0, 0, -0.009696585126221179962158203125, 0, 0.999952971935272216796875, 0, 0.11078856885433197021484375, 0, -0.02512489259243011474609375, 1, },
			{ 0.999917209148406982421875, 0, 0.012869489379227161407470703125, 0, 0, 1, 0, 0, -0.012869489379227161407470703125, 0, 0.999917209148406982421875, 0, 0.12508086860179901123046875, 0, -0.033032834529876708984375, 1, },
			{ 0.999871432781219482421875, 0, 0.01602955162525177001953125, 0, 0, 1, 0, 0, -0.01602955162525177001953125, 0, 0.999871432781219482421875, 0, 0.13898803293704986572265625, 0, -0.041737668216228485107421875, 1, },
			{ 0.999813616275787353515625, 0, 0.0193045176565647125244140625, 0, 0, 1, 0, 0, -0.0193045176565647125244140625, 0, 0.999813616275787353515625, 0, 0.1524407863616943359375, 0, -0.051128692924976348876953125, 1, },
			{ 0.999738156795501708984375, 0, 0.02287958376109600067138671875, 0, 0, 1, 0, 0, -0.02287958376109600067138671875, 0, 0.999738156795501708984375, 0, 0.16537414491176605224609375, 0, -0.0611135847866535186767578125, 1, },
			{ 0.99964177608489990234375, 0, 0.02676235698163509368896484375, 0, 0, 1, 0, 0, -0.02676235698163509368896484375, 0, 0.99964177608489990234375, 0, 0.17772887647151947021484375, 0, -0.0716724395751953125, 1, },
			{ 0.999521911144256591796875, 0, 0.0309160389006137847900390625, 0, 0, 1, 0, 0, -0.0309160389006137847900390625, 0, 0.999521911144256591796875, 0, 0.18944823741912841796875, 0, -0.0828037261962890625, 1, },
			{ 0.99937665462493896484375, 0, 0.035303823649883270263671875, 0, 0, 1, 0, 0, -0.035303823649883270263671875, 0, 0.99937665462493896484375, 0, 0.20047484338283538818359375, 0, -0.09450553357601165771484375, 1, },
			{ 0.99920403957366943359375, 0, 0.039888858795166015625, 0, 0, 1, 0, 0, -0.039888858795166015625, 0, 0.99920403957366943359375, 0, 0.21075256168842315673828125, 0, -0.106776349246501922607421875, 1, },
			{ 0.999002993106842041015625, 0, 0.044643871486186981201171875, 0, 0, 1, 0, 0, -0.044643871486186981201171875, 0, 0.999002993106842041015625, 0, 0.22021849453449249267578125, 0, -0.1196155548095703125, 1, },
			{ 0.998770177364349365234375, 0, 0.0495795272290706634521484375, 0, 0, 1, 0, 0, -0.0495795272290706634521484375, 0, 0.998770177364349365234375, 0, 0.2287881374359130859375, 0, -0.1330262720584869384765625, 1, },
			{ 0.998501956462860107421875, 0, 0.054716072976589202880859375, 0, 0, 1, 0, 0, -0.054716072976589202880859375, 0, 0.998501956462860107421875, 0, 0.23637084662914276123046875, 0, -0.1470131576061248779296875, 1, },
			{ 0.99819386005401611328125, 0, 0.0600736476480960845947265625, 0, 0, 1, 0, 0, -0.0600736476480960845947265625, 0, 0.99819386005401611328125, 0, 0.2422930896282196044921875, 0, -0.161580502986907958984375, 1, },
			{ 0.997841179370880126953125, 0, 0.0656722486019134521484375, 0, 0, 1, 0, 0, -0.0656722486019134521484375, 0, 0.997841179370880126953125, 0, 0.248215019702911376953125, 0, -0.17673270404338836669921875, 1, },
			{ 0.99743938446044921875, 0, 0.07151655852794647216796875, 0, 0, 1, 0, 0, -0.07151655852794647216796875, 0, 0.99743938446044921875, 0, 0.25124084949493408203125, 0, -0.19245018064975738525390625, 1, },
			{ 0.996988475322723388671875, 0, 0.0775496065616607666015625, 0, 0, 1, 0, 0, -0.0775496065616607666015625, 0, 0.996988475322723388671875, 0, 0.2542666494846343994140625, 0, -0.20861709117889404296875, 1, },
			{ 0.996491014957427978515625, 0, 0.0836991369724273681640625, 0, 0, 1, 0, 0, -0.0836991369724273681640625, 0, 0.996491014957427978515625, 0, 0.2572924792766571044921875, 0, -0.22509376704692840576171875, 1, },
			{ 0.9959514141082763671875, 0, 0.089893035590648651123046875, 0, 0, 1, 0, 0, -0.089893035590648651123046875, 0, 0.9959514141082763671875, 0, 0.2560467422008514404296875, 0, -0.24174033105373382568359375, 1, },
			{ 0.995375573635101318359375, 0, 0.096059255301952362060546875, 0, 0, 1, 0, 0, -0.096059255301952362060546875, 0, 0.995375573635101318359375, 0, 0.254801332950592041015625, 0, -0.2584168910980224609375, 1, },
			{ 0.994770228862762451171875, 0, 0.102138213813304901123046875, 0, 0, 1, 0, 0, -0.102138213813304901123046875, 0, 0.994770228862762451171875, 0, 0.25355589389801025390625, 0, -0.2750006020069122314453125, 1, },
			{ 0.994137942790985107421875, 0, 0.10811941325664520263671875, 0, 0, 1, 0, 0, -0.10811941325664520263671875, 0, 0.994137942790985107421875, 0, 0.2523101866245269775390625, 0, -0.2914346754550933837890625, 1, },
			{ 0.993480145931243896484375, 0, 0.11400459706783294677734375, 0, 0, 1, 0, 0, -0.11400459706783294677734375, 0, 0.993480145931243896484375, 0, 0.2510644495487213134765625, 0, -0.3076795637607574462890625, 1, },
			{ 0.992798507213592529296875, 0, 0.119795508682727813720703125, 0, 0, 1, 0, 0, -0.119795508682727813720703125, 0, 0.992798507213592529296875, 0, 0.24981902539730072021484375, 0, -0.323695123195648193359375, 1, },
			{ 0.992094337940216064453125, 0, 0.12549395859241485595703125, 0, 0, 1, 0, 0, -0.12549395859241485595703125, 0, 0.992094337940216064453125, 0, 0.2450451552867889404296875, 0, -0.3394419848918914794921875, 1, },
			{ 0.991369307041168212890625, 0, 0.13109846413135528564453125, 0, 0, 1, 0, 0, -0.13109846413135528564453125, 0, 0.991369307041168212890625, 0, 0.2402715981006622314453125, 0, -0.3548778593540191650390625, 1, },
			{ 0.9906270503997802734375, 0, 0.13659448921680450439453125, 0, 0, 1, 0, 0, -0.13659448921680450439453125, 0, 0.9906270503997802734375, 0, 0.2340304553508758544921875, 0, -0.369952261447906494140625, 1, },
			{ 0.9898717403411865234375, 0, 0.1419643461704254150390625, 0, 0, 1, 0, 0, -0.1419643461704254150390625, 0, 0.9898717403411865234375, 0, 0.22778929769992828369140625, 0, -0.3846127688884735107421875, 1, },
			{ 0.989108145236968994140625, 0, 0.1471903622150421142578125, 0, 0, 1, 0, 0, -0.1471903622150421142578125, 0, 0.989108145236968994140625, 0, 0.22019682824611663818359375, 0, -0.3988066017627716064453125, 1, },
			{ 0.98834121227264404296875, 0, 0.15225498378276824951171875, 0, 0, 1, 0, 0, -0.15225498378276824951171875, 0, 0.98834121227264404296875, 0, 0.2115618884563446044921875, 0, -0.4124810695648193359375, 1, },
			{ 0.98757731914520263671875, 0, 0.1571334302425384521484375, 0, 0, 1, 0, 0, -0.1571334302425384521484375, 0, 0.98757731914520263671875, 0, 0.2018167078495025634765625, 0, -0.4255736768245697021484375, 1, },
			{ 0.98682820796966552734375, 0, 0.161771714687347412109375, 0, 0, 1, 0, 0, -0.161771714687347412109375, 0, 0.98682820796966552734375, 0, 0.19104857742786407470703125, 0, -0.4379820525646209716796875, 1, },
			{ 0.986107349395751953125, 0, 0.16610886156558990478515625, 0, 0, 1, 0, 0, -0.16610886156558990478515625, 0, 0.986107349395751953125, 0, 0.1793835461139678955078125, 0, -0.4495939910411834716796875, 1, },
			{ 0.9854295253753662109375, 0, 0.17008395493030548095703125, 0, 0, 1, 0, 0, -0.17008395493030548095703125, 0, 0.9854295253753662109375, 0, 0.16694824397563934326171875, 0, -0.46029698848724365234375, 1, },
			{ 0.984809815883636474609375, 0, 0.17363627254962921142578125, 0, 0, 1, 0, 0, -0.17363627254962921142578125, 0, 0.984809815883636474609375, 0, 0.1538684070110321044921875, 0, -0.46997892856597900390625, 1, },
			{ 0.98425960540771484375, 0, 0.17672826349735260009765625, 0, 0, 1, 0, 0, -0.17672826349735260009765625, 0, 0.98425960540771484375, 0, 0.14025451242923736572265625, 0, -0.478567600250244140625, 1, },
			{ 0.983773529529571533203125, 0, 0.17941431701183319091796875, 0, 0, 1, 0, 0, -0.17941431701183319091796875, 0, 0.983773529529571533203125, 0, 0.12614928185939788818359375, 0, -0.4861515462398529052734375, 1, },
			{ 0.983340740203857421875, 0, 0.18177194893360137939453125, 0, 0, 1, 0, 0, -0.18177194893360137939453125, 0, 0.983340740203857421875, 0, 0.11157989501953125, 0, -0.4928594529628753662109375, 1, },
			{ 0.982948958873748779296875, 0, 0.1838782727718353271484375, 0, 0, 1, 0, 0, -0.1838782727718353271484375, 0, 0.982948958873748779296875, 0, 0.0965740978717803955078125, 0, -0.4988199174404144287109375, 1, },
			{ 0.9825856685638427734375, 0, 0.18581019341945648193359375, 0, 0, 1, 0, 0, -0.18581019341945648193359375, 0, 0.9825856685638427734375, 0, 0.081158749759197235107421875, 0, -0.50416171550750732421875, 1, },
			{ 0.98224294185638427734375, 0, 0.18761338293552398681640625, 0, 0, 1, 0, 0, -0.18761338293552398681640625, 0, 0.98224294185638427734375, 0, 0.065371699631214141845703125, 0, -0.50895702838897705078125, 1, },
			{ 0.981936991214752197265625, 0, 0.1892082691192626953125, 0, 0, 1, 0, 0, -0.1892082691192626953125, 0, 0.981936991214752197265625, 0, 0.0492956526577472686767578125, 0, -0.51305234432220458984375, 1, },
			{ 0.9816901683807373046875, 0, 0.19048447906970977783203125, 0, 0, 1, 0, 0, -0.19048447906970977783203125, 0, 0.9816901683807373046875, 0, 0.0330236814916133880615234375, 0, -0.51623761653900146484375, 1, },
			{ 0.98152554035186767578125, 0, 0.19133122265338897705078125, 0, 0, 1, 0, 0, -0.19133122265338897705078125, 0, 0.98152554035186767578125, 0, 0.0166500844061374664306640625, 0, -0.518302738666534423828125, 1, },
			{ 0.981513202190399169921875, 0, 0.19139446318149566650390625, 0, 0, 1, 0, 0, -0.19139446318149566650390625, 0, 0.981513202190399169921875, 0, 0.00026702880859375, 0, -0.518394052982330322265625, 1, },
			{ 0.9815008640289306640625, 0, 0.19145770370960235595703125, 0, 0, 1, 0, 0, -0.19145770370960235595703125, 0, 0.9815008640289306640625, 0, -0.01603637635707855224609375, 0, -0.51848542690277099609375, 1, },
			{ 0.98160707950592041015625, 0, 0.19091211259365081787109375, 0, 0, 1, 0, 0, -0.19091211259365081787109375, 0, 0.98160707950592041015625, 0, -0.0321948230266571044921875, 0, -0.51685535907745361328125, 1, },
			{ 0.98178517818450927734375, 0, 0.18999435007572174072265625, 0, 0, 1, 0, 0, -0.18999435007572174072265625, 0, 0.98178517818450927734375, 0, -0.048147581517696380615234375, 0, -0.514188230037689208984375, 1, },
			{ 0.982035219669342041015625, 0, 0.18869769573211669921875, 0, 0, 1, 0, 0, -0.18869769573211669921875, 0, 0.982035219669342041015625, 0, -0.0638339221477508544921875, 0, -0.510524809360504150390625, 1, },
			{ 0.982357084751129150390625, 0, 0.18701492249965667724609375, 0, 0, 1, 0, 0, -0.18701492249965667724609375, 0, 0.982357084751129150390625, 0, -0.079193115234375, 0, -0.505905687808990478515625, 1, },
			{ 0.98274898529052734375, 0, 0.18494422733783721923828125, 0, 0, 1, 0, 0, -0.18494422733783721923828125, 0, 0.98274898529052734375, 0, -0.094175718724727630615234375, 0, -0.500366628170013427734375, 1, },
			{ 0.9832050800323486328125, 0, 0.18250404298305511474609375, 0, 0, 1, 0, 0, -0.18250404298305511474609375, 0, 0.9832050800323486328125, 0, -0.10877227783203125, 0, -0.4939239323139190673828125, 1, },
			{ 0.983718216419219970703125, 0, 0.17971770465373992919921875, 0, 0, 1, 0, 0, -0.17971770465373992919921875, 0, 0.983718216419219970703125, 0, -0.1229846179485321044921875, 0, -0.4865889251232147216796875, 1, },
			{ 0.984281122684478759765625, 0, 0.1766088306903839111328125, 0, 0, 1, 0, 0, -0.1766088306903839111328125, 0, 0.984281122684478759765625, 0, -0.1368139684200286865234375, 0, -0.478373110294342041015625, 1, },
			{ 0.984886467456817626953125, 0, 0.1732008457183837890625, 0, 0, 1, 0, 0, -0.1732008457183837890625, 0, 0.984886467456817626953125, 0, -0.15026183426380157470703125, 0, -0.4692876636981964111328125, 1, },
			{ 0.9855277538299560546875, 0, 0.1695137917995452880859375, 0, 0, 1, 0, 0, -0.1695137917995452880859375, 0, 0.9855277538299560546875, 0, -0.1633084118366241455078125, 0, -0.4593466818332672119140625, 1, },
			{ 0.986200749874114990234375, 0, 0.16555373370647430419921875, 0, 0, 1, 0, 0, -0.16555373370647430419921875, 0, 0.986200749874114990234375, 0, -0.17584991455078125, 0, -0.4485740959644317626953125, 1, },
			{ 0.986901581287384033203125, 0, 0.1613232195377349853515625, 0, 0, 1, 0, 0, -0.1613232195377349853515625, 0, 0.986901581287384033203125, 0, -0.187759697437286376953125, 0, -0.4369963109493255615234375, 1, },
			{ 0.98762643337249755859375, 0, 0.15682472288608551025390625, 0, 0, 1, 0, 0, -0.15682472288608551025390625, 0, 0.98762643337249755859375, 0, -0.19891296327114105224609375, 0, -0.424639880657196044921875, 1, },
			{ 0.9883711338043212890625, 0, 0.1520608365535736083984375, 0, 0, 1, 0, 0, -0.1520608365535736083984375, 0, 0.9883711338043212890625, 0, -0.20918364822864532470703125, 0, -0.4115311801433563232421875, 1, },
			{ 0.989130496978759765625, 0, 0.1470400989055633544921875, 0, 0, 1, 0, 0, -0.1470400989055633544921875, 0, 0.989130496978759765625, 0, -0.21846832334995269775390625, 0, -0.3977122008800506591796875, 1, },
			{ 0.9898960590362548828125, 0, 0.1417947709560394287109375, 0, 0, 1, 0, 0, -0.1417947709560394287109375, 0, 0.9898960590362548828125, 0, -0.226753532886505126953125, 0, -0.3832869231700897216796875, 1, },
			{ 0.990658819675445556640625, 0, 0.1363632380962371826171875, 0, 0, 1, 0, 0, -0.1363632380962371826171875, 0, 0.990658819675445556640625, 0, -0.234047234058380126953125, 0, -0.3683747351169586181640625, 1, },
			{ 0.99141085147857666015625, 0, 0.13078410923480987548828125, 0, 0, 1, 0, 0, -0.13078410923480987548828125, 0, 0.99141085147857666015625, 0, -0.24035887420177459716796875, 0, -0.3530952036380767822265625, 1, },
			{ 0.992144644260406494140625, 0, 0.12509603798389434814453125, 0, 0, 1, 0, 0, -0.12509603798389434814453125, 0, 0.992144644260406494140625, 0, -0.2452127039432525634765625, 0, -0.3375674784183502197265625, 1, },
			{ 0.992854297161102294921875, 0, 0.119332306087017059326171875, 0, 0, 1, 0, 0, -0.119332306087017059326171875, 0, 0.992854297161102294921875, 0, -0.2500665187835693359375, 0, -0.3218935430049896240234375, 1, },
			{ 0.993537425994873046875, 0, 0.113504253327846527099609375, 0, 0, 1, 0, 0, -0.113504253327846527099609375, 0, 0.993537425994873046875, 0, -0.2524987757205963134765625, 0, -0.306104719638824462890625, 1, },
			{ 0.9941923618316650390625, 0, 0.10761773586273193359375, 0, 0, 1, 0, 0, -0.10761773586273193359375, 0, 0.9941923618316650390625, 0, -0.254931032657623291015625, 0, -0.290214598178863525390625, 1, },
			{ 0.994817256927490234375, 0, 0.10167859494686126708984375, 0, 0, 1, 0, 0, -0.10167859494686126708984375, 0, 0.994817256927490234375, 0, -0.2573632895946502685546875, 0, -0.2742369472980499267578125, 1, },
			{ 0.995410859584808349609375, 0, 0.09569276869297027587890625, 0, 0, 1, 0, 0, -0.09569276869297027587890625, 0, 0.995410859584808349609375, 0, -0.2559774816036224365234375, 0, -0.2581853568553924560546875, 1, },
			{ 0.99597156047821044921875, 0, 0.089669980108737945556640625, 0, 0, 1, 0, 0, -0.089669980108737945556640625, 0, 0.99597156047821044921875, 0, -0.2545913755893707275390625, 0, -0.24208007752895355224609375, 1, },
			{ 0.9964964389801025390625, 0, 0.08363543450832366943359375, 0, 0, 1, 0, 0, -0.08363543450832366943359375, 0, 0.9964964389801025390625, 0, -0.2532055675983428955078125, 0, -0.2259674072265625, 1, },
			{ 0.99698317050933837890625, 0, 0.077618181705474853515625, 0, 0, 1, 0, 0, -0.077618181705474853515625, 0, 0.99698317050933837890625, 0, -0.2518194615840911865234375, 0, -0.20989990234375, 1, },
			{ 0.99742996692657470703125, 0, 0.0716473162174224853515625, 0, 0, 1, 0, 0, -0.0716473162174224853515625, 0, 0.99742996692657470703125, 0, -0.2504336535930633544921875, 0, -0.19393073022365570068359375, 1, },
			{ 0.997835934162139892578125, 0, 0.065752021968364715576171875, 0, 0, 1, 0, 0, -0.065752021968364715576171875, 0, 0.997835934162139892578125, 0, -0.24572692811489105224609375, 0, -0.17811225354671478271484375, 1, },
			{ 0.998200595378875732421875, 0, 0.059962727129459381103515625, 0, 0, 1, 0, 0, -0.059962727129459381103515625, 0, 0.998200595378875732421875, 0, -0.24101988971233367919921875, 0, -0.16250915825366973876953125, 1, },
			{ 0.99852383136749267578125, 0, 0.05431480705738067626953125, 0, 0, 1, 0, 0, -0.05431480705738067626953125, 0, 0.99852383136749267578125, 0, -0.23485565185546875, 0, -0.147231519222259521484375, 1, },
			{ 0.998806297779083251953125, 0, 0.0488449595868587493896484375, 0, 0, 1, 0, 0, -0.0488449595868587493896484375, 0, 0.998806297779083251953125, 0, -0.22771728038787841796875, 0, -0.132401049137115478515625, 1, },
			{ 0.999049484729766845703125, 0, 0.0435898266732692718505859375, 0, 0, 1, 0, 0, -0.0435898266732692718505859375, 0, 0.999049484729766845703125, 0, -0.2196032702922821044921875, 0, -0.118139721453189849853515625, 1, },
			{ 0.99925529956817626953125, 0, 0.0385860763490200042724609375, 0, 0, 1, 0, 0, -0.0385860763490200042724609375, 0, 0.99925529956817626953125, 0, -0.21051208674907684326171875, 0, -0.10456931591033935546875, 1, },
			{ 0.999426543712615966796875, 0, 0.0338607914745807647705078125, 0, 0, 1, 0, 0, -0.0338607914745807647705078125, 0, 0.999426543712615966796875, 0, -0.20044921338558197021484375, 0, -0.09178237617015838623046875, 1, },
			{ 0.999567568302154541015625, 0, 0.02940274961292743682861328125, 0, 0, 1, 0, 0, -0.02940274961292743682861328125, 0, 0.999567568302154541015625, 0, -0.18944762647151947021484375, 0, -0.079754792153835296630859375, 1, },
			{ 0.9996826648712158203125, 0, 0.02519109658896923065185546875, 0, 0, 1, 0, 0, -0.02519109658896923065185546875, 0, 0.9996826648712158203125, 0, -0.1775479018688201904296875, 0, -0.068432770669460296630859375, 1, },
			{ 0.9997751712799072265625, 0, 0.02120495773851871490478515625, 0, 0, 1, 0, 0, -0.02120495773851871490478515625, 0, 0.9997751712799072265625, 0, -0.16478942334651947021484375, 0, -0.057763136923313140869140625, 1, },
			{ 0.999848186969757080078125, 0, 0.017423398792743682861328125, 0, 0, 1, 0, 0, -0.017423398792743682861328125, 0, 0.999848186969757080078125, 0, -0.15121276676654815673828125, 0, -0.0476921834051609039306640625, 1, },
			{ 0.999904155731201171875, 0, 0.01384316571056842803955078125, 0, 0, 1, 0, 0, -0.01384316571056842803955078125, 0, 0.999904155731201171875, 0, -0.136917412281036376953125, 0, -0.0382069386541843414306640625, 1, },
			{ 0.99994456768035888671875, 0, 0.010531772859394550323486328125, 0, 0, 1, 0, 0, -0.010531772859394550323486328125, 0, 0.99994456768035888671875, 0, -0.122241817414760589599609375, 0, -0.02945548854768276214599609375, 1, },
			{ 0.99997127056121826171875, 0, 0.0075744050554931163787841796875, 0, 0, 1, 0, 0, -0.0075744050554931163787841796875, 0, 0.99997127056121826171875, 0, -0.1075833141803741455078125, 0, -0.0216263569891452789306640625, 1, },
			{ 0.99998724460601806640625, 0, 0.0050562466494739055633544921875, 0, 0, 1, 0, 0, -0.0050562466494739055633544921875, 0, 0.99998724460601806640625, 0, -0.09334014356136322021484375, 0, -0.01490791328251361846923828125, 1, },
			{ 0.99999523162841796875, 0, 0.00306245568208396434783935546875, 0, 0, 1, 0, 0, -0.00306245568208396434783935546875, 0, 0.99999523162841796875, 0, -0.0799102783203125, 0, -0.00948898307979106903076171875, 1, },
			{ 0.999998569488525390625, 0, 0.0016382304020226001739501953125, 0, 0, 1, 0, 0, -0.0016382304020226001739501953125, 0, 0.999998569488525390625, 0, -0.067156367003917694091796875, 0, -0.005489959381520748138427734375, 1, },
			{ 0.999999701976776123046875, 0, 0.000668941182084381580352783203125, 0, 0, 1, 0, 0, -0.000668941182084381580352783203125, 0, 0.999999701976776123046875, 0, -0.052801512181758880615234375, 0, -0.0027602384798228740692138671875, 1, },
			{ 1, 0, 0, 0, 0, 1, 0, 0, 0, 0, 1, 0, -0.034033201634883880615234375, 0, -0.00149696343578398227691650390625, 1, },
			{ 0.99999988079071044921875, 0, -0.0004741885350085794925689697265625, 0, 0, 1, 0, 0, 0.0004741885350085794925689697265625, 0, 0.99999988079071044921875, 0, -0.011538696475327014923095703125, 0, -0.000233764643780887126922607421875, 1, },
			{ 0.999999701976776123046875, 0, -0.0006632278673350811004638671875, 0, 0, 1, 0, 0, 0.0006632278673350811004638671875, 0, 0.999999701976776123046875, 0, 0, 0, 0, 1, },
		},
	}
end