function data()
return { 
		times = { 0, 41.667000000000001591615728102624416351318359375, 83.332999999999998408384271897375583648681640625, 125, 166.667000000000001591615728102624416351318359375, 208.332999999999998408384271897375583648681640625, 250, 291.66699999999997316990629769861698150634765625, 333.33300000000002683009370230138301849365234375, 375, 416.66699999999997316990629769861698150634765625, 458.33300000000002683009370230138301849365234375, 500, 541.6670000000000300133251585066318511962890625, 583.3329999999999699866748414933681488037109375, 625, 666.6670000000000300133251585066318511962890625, 708.3329999999999699866748414933681488037109375, 750, 791.6670000000000300133251585066318511962890625, 833.3329999999999699866748414933681488037109375, 875, 916.6670000000000300133251585066318511962890625, 958.3329999999999699866748414933681488037109375, 1000, 1041.66699999999991632648743689060211181640625, 1083.33300000000008367351256310939788818359375, 1125, 1166.66699999999991632648743689060211181640625, 1208.33300000000008367351256310939788818359375, 1250, 1291.66699999999991632648743689060211181640625, 1333.33300000000008367351256310939788818359375, 1375, 1416.66699999999991632648743689060211181640625, 1458.33300000000008367351256310939788818359375, 1500, 1541.66699999999991632648743689060211181640625, 1583.33300000000008367351256310939788818359375, 1625, 1666.66699999999991632648743689060211181640625, 1708.33300000000008367351256310939788818359375, 1750, 1791.66699999999991632648743689060211181640625, 1833.33300000000008367351256310939788818359375, 1875, 1916.66699999999991632648743689060211181640625, 1958.33300000000008367351256310939788818359375, 2000, 2041.66699999999991632648743689060211181640625, 2083.33300000000008367351256310939788818359375, 2125, 2166.66699999999991632648743689060211181640625, 2208.33300000000008367351256310939788818359375, 2250, 2291.66699999999991632648743689060211181640625, 2333.33300000000008367351256310939788818359375, 2375, 2416.66699999999991632648743689060211181640625, 2458.33300000000008367351256310939788818359375, 2500, 2541.66699999999991632648743689060211181640625, 2583.33300000000008367351256310939788818359375, 2625, 2666.66699999999991632648743689060211181640625, 2708.33300000000008367351256310939788818359375, 2750, 2791.66699999999991632648743689060211181640625, 2833.33300000000008367351256310939788818359375, 2875, 2916.66699999999991632648743689060211181640625, 2958.33300000000008367351256310939788818359375, 3000, 3041.66699999999991632648743689060211181640625, 3083.33300000000008367351256310939788818359375, 3125, 3166.66699999999991632648743689060211181640625, 3208.33300000000008367351256310939788818359375, 3250, 3291.66699999999991632648743689060211181640625, 3333.33300000000008367351256310939788818359375, 3375, 3416.66699999999991632648743689060211181640625, 3458.33300000000008367351256310939788818359375, 3500, 3541.66699999999991632648743689060211181640625, 3583.33300000000008367351256310939788818359375, 3625, 3666.66699999999991632648743689060211181640625, 3708.33300000000008367351256310939788818359375, 3750, 3791.66699999999991632648743689060211181640625, 3833.33300000000008367351256310939788818359375, 3875, 3916.66699999999991632648743689060211181640625, 3958.33300000000008367351256310939788818359375, 4000, 4041.66699999999991632648743689060211181640625, 4083.33300000000008367351256310939788818359375, 4125, 4166.6670000000003710738383233547210693359375, },
		transfs = {
			{ 1, 0, 0.000000007450580596923828125, 0, 0, 1, 0, 0, -0.000000007450580596923828125, 0, 1, 0, 0, -0.00000000476837147544983963598497211933135986328125, -0.0000000095367429508996792719699442386627197265625, 1, },
			{ 1, 0, -0.000208139405003748834133148193359375, 0, 0, 1, 0, 0, 0.000208139405003748834133148193359375, 0, 1, 0, -0.00496459938585758209228515625, -0.00000000476837147544983963598497211933135986328125, 0.00099995615892112255096435546875, 1, },
			{ 0.999999582767486572265625, 0, -0.0008352398290298879146575927734375, 0, 0, 1, 0, 0, 0.0008352398290298879146575927734375, 0, 0.999999582767486572265625, 0, -0.01798309199512004852294921875, -0.00000000476837147544983963598497211933135986328125, 0.0038072871975600719451904296875, 1, },
			{ 0.99999821186065673828125, 0, -0.00188522040843963623046875, 0, 0, 1, 0, 0, 0.00188522040843963623046875, 0, 0.99999821186065673828125, 0, -0.0362429805099964141845703125, -0.00000000476837147544983963598497211933135986328125, 0.008132887072861194610595703125, 1, },
			{ 0.9999942779541015625, 0, -0.00336203700862824916839599609375, 0, 0, 1, 0, 0, 0.00336203700862824916839599609375, 0, 0.9999942779541015625, 0, -0.0569326765835285186767578125, -0.00000000476837147544983963598497211933135986328125, 0.013687829487025737762451171875, 1, },
			{ 0.999986112117767333984375, 0, -0.005269654095172882080078125, 0, 0, 1, 0, 0, 0.005269654095172882080078125, 0, 0.999986112117767333984375, 0, -0.0772387683391571044921875, -0.00000000476837147544983963598497211933135986328125, 0.02018313296139240264892578125, 1, },
			{ 0.999971091747283935546875, 0, -0.007601805031299591064453125, 0, 0, 1, 0, 0, 0.007601805031299591064453125, 0, 0.999971091747283935546875, 0, -0.094923399388790130615234375, -0.00000000476837147544983963598497211933135986328125, 0.02738478593528270721435546875, 1, },
			{ 0.999946773052215576171875, 0, -0.01031148433685302734375, 0, 0, 1, 0, 0, 0.01031148433685302734375, 0, 0.999946773052215576171875, 0, -0.11004088819026947021484375, -0.00000000476837147544983963598497211933135986328125, 0.0352785773575305938720703125, 1, },
			{ 0.99991095066070556640625, 0, -0.0133415162563323974609375, 0, 0, 1, 0, 0, 0.0133415162563323974609375, 0, 0.99991095066070556640625, 0, -0.123218990862369537353515625, -0.00000000476837147544983963598497211933135986328125, 0.043905325233936309814453125, 1, },
			{ 0.999861657619476318359375, 0, -0.01663468778133392333984375, 0, 0, 1, 0, 0, 0.01663468778133392333984375, 0, 0.999861657619476318359375, 0, -0.13508696854114532470703125, -0.00000000476837147544983963598497211933135986328125, 0.053305804729461669921875, 1, },
			{ 0.999797344207763671875, 0, -0.020133800804615020751953125, 0, 0, 1, 0, 0, 0.020133800804615020751953125, 0, 0.999797344207763671875, 0, -0.14627349376678466796875, -0.00000000476837147544983963598497211933135986328125, 0.0635208785533905029296875, 1, },
			{ 0.99971675872802734375, 0, -0.02379691600799560546875, 0, 0, 1, 0, 0, 0.02379691600799560546875, 0, 0.99971675872802734375, 0, -0.15727294981479644775390625, -0.00000000476837147544983963598497211933135986328125, 0.074568606913089752197265625, 1, },
			{ 0.999617874622344970703125, 0, -0.027643494307994842529296875, 0, 0, 1, 0, 0, 0.027643494307994842529296875, 0, 0.999617874622344970703125, 0, -0.1680465638637542724609375, -0.00000000476837147544983963598497211933135986328125, 0.08637629449367523193359375, 1, },
			{ 0.9994971752166748046875, 0, -0.0317082218825817108154296875, 0, 0, 1, 0, 0, 0.0317082218825817108154296875, 0, 0.9994971752166748046875, 0, -0.17842192947864532470703125, -0.00000000476837147544983963598497211933135986328125, 0.098848633468151092529296875, 1, },
			{ 0.999350845813751220703125, 0, -0.0360257364809513092041015625, 0, 0, 1, 0, 0, 0.0360257364809513092041015625, 0, 0.999350845813751220703125, 0, -0.1882260143756866455078125, -0.00000000476837147544983963598497211933135986328125, 0.111890189349651336669921875, 1, },
			{ 0.999174177646636962890625, 0, -0.040630638599395751953125, 0, 0, 1, 0, 0, 0.040630638599395751953125, 0, 0.999174177646636962890625, 0, -0.1972875893115997314453125, -0.00000000476837147544983963598497211933135986328125, 0.12540565431118011474609375, 1, },
			{ 0.99896240234375, 0, -0.045542858541011810302734375, 0, 0, 1, 0, 0, 0.045542858541011810302734375, 0, 0.99896240234375, 0, -0.20545805990695953369140625, -0.00000000476837147544983963598497211933135986328125, 0.1393206119537353515625, 1, },
			{ 0.998712718486785888671875, 0, -0.0507235936820507049560546875, 0, 0, 1, 0, 0, 0.0507235936820507049560546875, 0, 0.998712718486785888671875, 0, -0.212684929370880126953125, -0.00000000476837147544983963598497211933135986328125, 0.1536441743373870849609375, 1, },
			{ 0.998423993587493896484375, 0, -0.056119449436664581298828125, 0, 0, 1, 0, 0, 0.056119449436664581298828125, 0, 0.998423993587493896484375, 0, -0.218943178653717041015625, -0.00000000476837147544983963598497211933135986328125, 0.1684067547321319580078125, 1, },
			{ 0.998096168041229248046875, 0, -0.0616770051419734954833984375, 0, 0, 1, 0, 0, 0.0616770051419734954833984375, 0, 0.998096168041229248046875, 0, -0.2242028713226318359375, -0.00000000476837147544983963598497211933135986328125, 0.18363822996616363525390625, 1, },
			{ 0.99772989749908447265625, 0, -0.06734289228916168212890625, 0, 0, 1, 0, 0, 0.06734289228916168212890625, 0, 0.99772989749908447265625, 0, -0.227940976619720458984375, -0.00000000476837147544983963598497211933135986328125, 0.19932509958744049072265625, 1, },
			{ 0.997326791286468505859375, 0, -0.07307036221027374267578125, 0, 0, 1, 0, 0, 0.07307036221027374267578125, 0, 0.997326791286468505859375, 0, -0.23162841796875, -0.00000000476837147544983963598497211933135986328125, 0.21559412777423858642578125, 1, },
			{ 0.996887385845184326171875, 0, -0.0788389146327972412109375, 0, 0, 1, 0, 0, 0.0788389146327972412109375, 0, 0.996887385845184326171875, 0, -0.2332675158977508544921875, -0.00000000476837147544983963598497211933135986328125, 0.2321239411830902099609375, 1, },
			{ 0.9964120388031005859375, 0, -0.084634698927402496337890625, 0, 0, 1, 0, 0, 0.084634698927402496337890625, 0, 0.9964120388031005859375, 0, -0.234883725643157958984375, -0.00000000476837147544983963598497211933135986328125, 0.2489124238491058349609375, 1, },
			{ 0.995901525020599365234375, 0, -0.090443827211856842041015625, 0, 0, 1, 0, 0, 0.090443827211856842041015625, 0, 0.995901525020599365234375, 0, -0.23238982260227203369140625, -0.00000000476837147544983963598497211933135986328125, 0.2654183208942413330078125, 1, },
			{ 0.995356857776641845703125, 0, -0.09625245630741119384765625, 0, 0, 1, 0, 0, 0.09625245630741119384765625, 0, 0.995356857776641845703125, 0, -0.229904472827911376953125, -0.00000000476837147544983963598497211933135986328125, 0.2818243205547332763671875, 1, },
			{ 0.994779288768768310546875, 0, -0.102049715816974639892578125, 0, 0, 1, 0, 0, 0.102049715816974639892578125, 0, 0.994779288768768310546875, 0, -0.2274411022663116455078125, -0.00000000476837147544983963598497211933135986328125, 0.2979868948459625244140625, 1, },
			{ 0.994168579578399658203125, 0, -0.1078364551067352294921875, 0, 0, 1, 0, 0, 0.1078364551067352294921875, 0, 0.994168579578399658203125, 0, -0.224998772144317626953125, -0.00000000476837147544983963598497211933135986328125, 0.3139058649539947509765625, 1, },
			{ 0.99352467060089111328125, 0, -0.113616466522216796875, 0, 0, 1, 0, 0, 0.113616466522216796875, 0, 0.99352467060089111328125, 0, -0.22257506847381591796875, -0.00000000476837147544983963598497211933135986328125, 0.329616487026214599609375, 1, },
			{ 0.992847025394439697265625, 0, -0.119393527507781982421875, 0, 0, 1, 0, 0, 0.119393527507781982421875, 0, 0.992847025394439697265625, 0, -0.22016631066799163818359375, -0.00000000476837147544983963598497211933135986328125, 0.3451541960239410400390625, 1, },
			{ 0.99213516712188720703125, 0, -0.1251714229583740234375, 0, 0, 1, 0, 0, 0.1251714229583740234375, 0, 0.99213516712188720703125, 0, -0.2136993408203125, -0.00000000476837147544983963598497211933135986328125, 0.3601950705051422119140625, 1, },
			{ 0.991390168666839599609375, 0, -0.13094131648540496826171875, 0, 0, 1, 0, 0, 0.13094131648540496826171875, 0, 0.991390168666839599609375, 0, -0.2072436511516571044921875, -0.00000000476837147544983963598497211933135986328125, 0.375102937221527099609375, 1, },
			{ 0.990620136260986328125, 0, -0.1366442143917083740234375, 0, 0, 1, 0, 0, 0.1366442143917083740234375, 0, 0.990620136260986328125, 0, -0.1993463039398193359375, -0.00000000476837147544983963598497211933135986328125, 0.389629423618316650390625, 1, },
			{ 0.989836633205413818359375, 0, -0.14220869541168212890625, 0, 0, 1, 0, 0, 0.14220869541168212890625, 0, 0.989836633205413818359375, 0, -0.19055359065532684326171875, -0.00000000476837147544983963598497211933135986328125, 0.40367209911346435546875, 1, },
			{ 0.989052474498748779296875, 0, -0.14756359159946441650390625, 0, 0, 1, 0, 0, 0.14756359159946441650390625, 0, 0.989052474498748779296875, 0, -0.1809146106243133544921875, -0.00000000476837147544983963598497211933135986328125, 0.41708362102508544921875, 1, },
			{ 0.98828208446502685546875, 0, -0.152638018131256103515625, 0, 0, 1, 0, 0, 0.152638018131256103515625, 0, 0.98828208446502685546875, 0, -0.170476377010345458984375, -0.00000000476837147544983963598497211933135986328125, 0.4297175109386444091796875, 1, },
			{ 0.987538874149322509765625, 0, -0.15737521648406982421875, 0, 0, 1, 0, 0, 0.15737521648406982421875, 0, 0.987538874149322509765625, 0, -0.15928955376148223876953125, -0.00000000476837147544983963598497211933135986328125, 0.4414573609828948974609375, 1, },
			{ 0.986827909946441650390625, 0, -0.1617739200592041015625, 0, 0, 1, 0, 0, 0.1617739200592041015625, 0, 0.986827909946441650390625, 0, -0.1474053859710693359375, -0.00000000476837147544983963598497211933135986328125, 0.4523080289363861083984375, 1, },
			{ 0.986151516437530517578125, 0, -0.16584670543670654296875, 0, 0, 1, 0, 0, 0.16584670543670654296875, 0, 0.986151516437530517578125, 0, -0.13487701117992401123046875, -0.00000000476837147544983963598497211933135986328125, 0.4623047411441802978515625, 1, },
			{ 0.985511839389801025390625, 0, -0.169606268405914306640625, 0, 0, 1, 0, 0, 0.169606268405914306640625, 0, 0.985511839389801025390625, 0, -0.121756590902805328369140625, -0.00000000476837147544983963598497211933135986328125, 0.4714829921722412109375, 1, },
			{ 0.984910428524017333984375, 0, -0.1730650365352630615234375, 0, 0, 1, 0, 0, 0.1730650365352630615234375, 0, 0.984910428524017333984375, 0, -0.10809783637523651123046875, -0.00000000476837147544983963598497211933135986328125, 0.4798781573772430419921875, 1, },
			{ 0.984348356723785400390625, 0, -0.176233828067779541015625, 0, 0, 1, 0, 0, 0.176233828067779541015625, 0, 0.984348356723785400390625, 0, -0.0939523279666900634765625, -0.00000000476837147544983963598497211933135986328125, 0.4875132739543914794921875, 1, },
			{ 0.9838278293609619140625, 0, -0.17911650240421295166015625, 0, 0, 1, 0, 0, 0.17911650240421295166015625, 0, 0.9838278293609619140625, 0, -0.07937194406986236572265625, -0.00000000476837147544983963598497211933135986328125, 0.4943629205226898193359375, 1, },
			{ 0.983351171016693115234375, 0, -0.18171514570713043212890625, 0, 0, 1, 0, 0, 0.18171514570713043212890625, 0, 0.983351171016693115234375, 0, -0.06440795958042144775390625, -0.00000000476837147544983963598497211933135986328125, 0.500389873981475830078125, 1, },
			{ 0.98292028903961181640625, 0, -0.184031903743743896484375, 0, 0, 1, 0, 0, 0.184031903743743896484375, 0, 0.98292028903961181640625, 0, -0.0491122417151927947998046875, -0.00000000476837147544983963598497211933135986328125, 0.50555622577667236328125, 1, },
			{ 0.982536733150482177734375, 0, -0.1860687434673309326171875, 0, 0, 1, 0, 0, 0.1860687434673309326171875, 0, 0.982536733150482177734375, 0, -0.0335348509252071380615234375, -0.00000000476837147544983963598497211933135986328125, 0.5098245143890380859375, 1, },
			{ 0.98220336437225341796875, 0, -0.1878207027912139892578125, 0, 0, 1, 0, 0, 0.1878207027912139892578125, 0, 0.98220336437225341796875, 0, -0.01772796548902988433837890625, -0.00000000476837147544983963598497211933135986328125, 0.51315605640411376953125, 1, },
			{ 0.9819281101226806640625, 0, -0.1892541348934173583984375, 0, 0, 1, 0, 0, 0.1892541348934173583984375, 0, 0.9819281101226806640625, 0, -0.001740417443215847015380859375, -0.00000000476837147544983963598497211933135986328125, 0.51550710201263427734375, 1, },
			{ 0.981720447540283203125, 0, -0.1903284490108489990234375, 0, 0, 1, 0, 0, 0.1903284490108489990234375, 0, 0.981720447540283203125, 0, 0.0143771357834339141845703125, -0.00000000476837147544983963598497211933135986328125, 0.516832649707794189453125, 1, },
			{ 0.98158943653106689453125, 0, -0.191002905368804931640625, 0, 0, 1, 0, 0, 0.191002905368804931640625, 0, 0.98158943653106689453125, 0, 0.03052734397351741790771484375, -0.00000000476837147544983963598497211933135986328125, 0.516535699367523193359375, 1, },
			{ 0.981543958187103271484375, 0, -0.1912368237972259521484375, 0, 0, 1, 0, 0, 0.1912368237972259521484375, 0, 0.981543958187103271484375, 0, 0.04680572450160980224609375, -0.00000000476837147544983963598497211933135986328125, 0.516227543354034423828125, 1, },
			{ 0.98158490657806396484375, 0, -0.1910259425640106201171875, 0, 0, 1, 0, 0, 0.1910259425640106201171875, 0, 0.98158490657806396484375, 0, 0.06297576427459716796875, -0.00000000476837147544983963598497211933135986328125, 0.513850152492523193359375, 1, },
			{ 0.981704056262969970703125, 0, -0.19041313230991363525390625, 0, 0, 1, 0, 0, 0.19041313230991363525390625, 0, 0.981704056262969970703125, 0, 0.0791284143924713134765625, -0.00000000476837147544983963598497211933135986328125, 0.511474311351776123046875, 1, },
			{ 0.98189461231231689453125, 0, -0.18942798674106597900390625, 0, 0, 1, 0, 0, 0.18942798674106597900390625, 0, 0.98189461231231689453125, 0, 0.095032043755054473876953125, -0.00000000476837147544983963598497211933135986328125, 0.5076611042022705078125, 1, },
			{ 0.982149899005889892578125, 0, -0.18809998035430908203125, 0, 0, 1, 0, 0, 0.18809998035430908203125, 0, 0.982149899005889892578125, 0, 0.110626220703125, -0.00000000476837147544983963598497211933135986328125, 0.5028717517852783203125, 1, },
			{ 0.98246288299560546875, 0, -0.1864585578441619873046875, 0, 0, 1, 0, 0, 0.1864585578441619873046875, 0, 0.98246288299560546875, 0, 0.12580566108226776123046875, -0.00000000476837147544983963598497211933135986328125, 0.4970922768115997314453125, 1, },
			{ 0.98282825946807861328125, 0, -0.18452274799346923828125, 0, 0, 1, 0, 0, 0.18452274799346923828125, 0, 0.98282825946807861328125, 0, 0.14048339426517486572265625, -0.00000000476837147544983963598497211933135986328125, 0.490317821502685546875, 1, },
			{ 0.983248651027679443359375, 0, -0.18226964771747589111328125, 0, 0, 1, 0, 0, 0.18226964771747589111328125, 0, 0.983248651027679443359375, 0, 0.15463714301586151123046875, -0.00000000476837147544983963598497211933135986328125, 0.48257982730865478515625, 1, },
			{ 0.983727633953094482421875, 0, -0.17966593801975250244140625, 0, 0, 1, 0, 0, 0.17966593801975250244140625, 0, 0.983727633953094482421875, 0, 0.16826049983501434326171875, -0.00000000476837147544983963598497211933135986328125, 0.473918914794921875, 1, },
			{ 0.984268724918365478515625, 0, -0.17667807638645172119140625, 0, 0, 1, 0, 0, 0.17667807638645172119140625, 0, 0.984268724918365478515625, 0, 0.1813473403453826904296875, -0.00000000476837147544983963598497211933135986328125, 0.4643752872943878173828125, 1, },
			{ 0.9848740100860595703125, 0, -0.1732724010944366455078125, 0, 0, 1, 0, 0, 0.1732724010944366455078125, 0, 0.9848740100860595703125, 0, 0.19389067590236663818359375, -0.00000000476837147544983963598497211933135986328125, 0.4539897143840789794921875, 1, },
			{ 0.985541641712188720703125, 0, -0.1694333553314208984375, 0, 0, 1, 0, 0, 0.1694333553314208984375, 0, 0.985541641712188720703125, 0, 0.20587341487407684326171875, -0.00000000476837147544983963598497211933135986328125, 0.44280350208282470703125, 1, },
			{ 0.986257016658782958984375, 0, -0.16521821916103363037109375, 0, 0, 1, 0, 0, 0.16521821916103363037109375, 0, 0.986257016658782958984375, 0, 0.21722991764545440673828125, -0.00000000476837147544983963598497211933135986328125, 0.430861771106719970703125, 1, },
			{ 0.987002909183502197265625, 0, -0.16070266067981719970703125, 0, 0, 1, 0, 0, 0.16070266067981719970703125, 0, 0.987002909183502197265625, 0, 0.2278839051723480224609375, -0.00000000476837147544983963598497211933135986328125, 0.41821038722991943359375, 1, },
			{ 0.987762928009033203125, 0, -0.15596260130405426025390625, 0, 0, 1, 0, 0, 0.15596260130405426025390625, 0, 0.987762928009033203125, 0, 0.23775847256183624267578125, -0.00000000476837147544983963598497211933135986328125, 0.404895305633544921875, 1, },
			{ 0.988522350788116455078125, 0, -0.1510741412639617919921875, 0, 0, 1, 0, 0, 0.1510741412639617919921875, 0, 0.988522350788116455078125, 0, 0.2467782497406005859375, -0.00000000476837147544983963598497211933135986328125, 0.3909623920917510986328125, 1, },
			{ 0.98927021026611328125, 0, -0.14609754085540771484375, 0, 0, 1, 0, 0, 0.14609754085540771484375, 0, 0.98927021026611328125, 0, 0.2548715174198150634765625, -0.00000000476837147544983963598497211933135986328125, 0.3764680922031402587890625, 1, },
			{ 0.9900054931640625, 0, -0.1410287916660308837890625, 0, 0, 1, 0, 0, 0.1410287916660308837890625, 0, 0.9900054931640625, 0, 0.261996448040008544921875, -0.00000000476837147544983963598497211933135986328125, 0.36151027679443359375, 1, },
			{ 0.99072968959808349609375, 0, -0.13584779202938079833984375, 0, 0, 1, 0, 0, 0.13584779202938079833984375, 0, 0.99072968959808349609375, 0, 0.2681167423725128173828125, -0.00000000476837147544983963598497211933135986328125, 0.3461973369121551513671875, 1, },
			{ 0.991443812847137451171875, 0, -0.130534350872039794921875, 0, 0, 1, 0, 0, 0.130534350872039794921875, 0, 0.991443812847137451171875, 0, 0.2726678550243377685546875, -0.00000000476837147544983963598497211933135986328125, 0.3306840360164642333984375, 1, },
			{ 0.9921481609344482421875, 0, -0.12506830692291259765625, 0, 0, 1, 0, 0, 0.12506830692291259765625, 0, 0.9921481609344482421875, 0, 0.277198493480682373046875, -0.00000000476837147544983963598497211933135986328125, 0.314938962459564208984375, 1, },
			{ 0.9928417205810546875, 0, -0.119438000023365020751953125, 0, 0, 1, 0, 0, 0.119438000023365020751953125, 0, 0.9928417205810546875, 0, 0.27957975864410400390625, -0.00000000476837147544983963598497211933135986328125, 0.29923522472381591796875, 1, },
			{ 0.993519008159637451171875, 0, -0.11366643011569976806640625, 0, 0, 1, 0, 0, 0.11366643011569976806640625, 0, 0.993519008159637451171875, 0, 0.2819488346576690673828125, -0.00000000476837147544983963598497211933135986328125, 0.2833901941776275634765625, 1, },
			{ 0.994174182415008544921875, 0, -0.107785232365131378173828125, 0, 0, 1, 0, 0, 0.107785232365131378173828125, 0, 0.994174182415008544921875, 0, 0.27959501743316650390625, -0.00000000476837147544983963598497211933135986328125, 0.26780569553375244140625, 1, },
			{ 0.994802176952362060546875, 0, -0.1018262207508087158203125, 0, 0, 1, 0, 0, 0.1018262207508087158203125, 0, 0.994802176952362060546875, 0, 0.2772262394428253173828125, -0.00000000476837147544983963598497211933135986328125, 0.25205194950103759765625, 1, },
			{ 0.99539852142333984375, 0, -0.095821239054203033447265625, 0, 0, 1, 0, 0, 0.095821239054203033447265625, 0, 0.99539852142333984375, 0, 0.274841606616973876953125, -0.00000000476837147544983963598497211933135986328125, 0.23611499369144439697265625, 1, },
			{ 0.9959595203399658203125, 0, -0.08980269730091094970703125, 0, 0, 1, 0, 0, 0.08980269730091094970703125, 0, 0.9959595203399658203125, 0, 0.272441387176513671875, -0.00000000476837147544983963598497211933135986328125, 0.22000701725482940673828125, 1, },
			{ 0.996482193470001220703125, 0, -0.08380477130413055419921875, 0, 0, 1, 0, 0, 0.08380477130413055419921875, 0, 0.996482193470001220703125, 0, 0.2700366079807281494140625, -0.00000000476837147544983963598497211933135986328125, 0.2038435637950897216796875, 1, },
			{ 0.996964156627655029296875, 0, -0.07786214351654052734375, 0, 0, 1, 0, 0, 0.07786214351654052734375, 0, 0.996964156627655029296875, 0, 0.267639458179473876953125, -0.00000000476837147544983963598497211933135986328125, 0.1877661049365997314453125, 1, },
			{ 0.997403919696807861328125, 0, -0.07200951874256134033203125, 0, 0, 1, 0, 0, 0.07200951874256134033203125, 0, 0.997403919696807861328125, 0, 0.2652624547481536865234375, -0.00000000476837147544983963598497211933135986328125, 0.1719161570072174072265625, 1, },
			{ 0.99780094623565673828125, 0, -0.066281653940677642822265625, 0, 0, 1, 0, 0, 0.066281653940677642822265625, 0, 0.99780094623565673828125, 0, 0.2629177868366241455078125, -0.00000000476837147544983963598497211933135986328125, 0.1564352810382843017578125, 1, },
			{ 0.9981555938720703125, 0, -0.060707390308380126953125, 0, 0, 1, 0, 0, 0.060707390308380126953125, 0, 0.9981555938720703125, 0, 0.2557668983936309814453125, -0.00000000476837147544983963598497211933135986328125, 0.14186652004718780517578125, 1, },
			{ 0.99847018718719482421875, 0, -0.05529163777828216552734375, 0, 0, 1, 0, 0, 0.05529163777828216552734375, 0, 0.99847018718719482421875, 0, 0.24865935742855072021484375, -0.00000000476837147544983963598497211933135986328125, 0.12779064476490020751953125, 1, },
			{ 0.998747527599334716796875, 0, -0.0500332750380039215087890625, 0, 0, 1, 0, 0, 0.0500332750380039215087890625, 0, 0.998747527599334716796875, 0, 0.2400424182415008544921875, -0.00000000476837147544983963598497211933135986328125, 0.114327035844326019287109375, 1, },
			{ 0.99899005889892578125, 0, -0.0449311435222625732421875, 0, 0, 1, 0, 0, 0.0449311435222625732421875, 0, 0.99899005889892578125, 0, 0.23042266070842742919921875, -0.00000000476837147544983963598497211933135986328125, 0.101413063704967498779296875, 1, },
			{ 0.999200344085693359375, 0, -0.0399840809404850006103515625, 0, 0, 1, 0, 0, 0.0399840809404850006103515625, 0, 0.999200344085693359375, 0, 0.21979369223117828369140625, -0.00000000476837147544983963598497211933135986328125, 0.0890316069126129150390625, 1, },
			{ 0.9993803501129150390625, 0, -0.035198099911212921142578125, 0, 0, 1, 0, 0, 0.035198099911212921142578125, 0, 0.9993803501129150390625, 0, 0.208193957805633544921875, -0.00000000476837147544983963598497211933135986328125, 0.077180258929729461669921875, 1, },
			{ 0.999531447887420654296875, 0, -0.03060795925557613372802734375, 0, 0, 1, 0, 0, 0.03060795925557613372802734375, 0, 0.999531447887420654296875, 0, 0.1958529651165008544921875, -0.00000000476837147544983963598497211933135986328125, 0.065915174782276153564453125, 1, },
			{ 0.999655306339263916015625, 0, -0.0262555666267871856689453125, 0, 0, 1, 0, 0, 0.0262555666267871856689453125, 0, 0.999655306339263916015625, 0, 0.1830483973026275634765625, -0.00000000476837147544983963598497211933135986328125, 0.055306978523731231689453125, 1, },
			{ 0.99975383281707763671875, 0, -0.02218283712863922119140625, 0, 0, 1, 0, 0, 0.02218283712863922119140625, 0, 0.99975383281707763671875, 0, 0.170056760311126708984375, -0.00000000476837147544983963598497211933135986328125, 0.045426435768604278564453125, 1, },
			{ 0.999830186367034912109375, 0, -0.01843173801898956298828125, 0, 0, 1, 0, 0, 0.01843173801898956298828125, 0, 0.999830186367034912109375, 0, 0.15715484321117401123046875, -0.00000000476837147544983963598497211933135986328125, 0.0363441742956638336181640625, 1, },
			{ 0.999886989593505859375, 0, -0.0150356292724609375, 0, 0, 1, 0, 0, 0.0150356292724609375, 0, 0.999886989593505859375, 0, 0.14444823563098907470703125, -0.00000000476837147544983963598497211933135986328125, 0.0281328298151493072509765625, 1, },
			{ 0.999928057193756103515625, 0, -0.01199410855770111083984375, 0, 0, 1, 0, 0, 0.01199410855770111083984375, 0, 0.999928057193756103515625, 0, 0.13135193288326263427734375, -0.00000000476837147544983963598497211933135986328125, 0.0208728127181529998779296875, 1, },
			{ 0.999956786632537841796875, 0, -0.009298242628574371337890625, 0, 0, 1, 0, 0, 0.009298242628574371337890625, 0, 0.999956786632537841796875, 0, 0.117110289633274078369140625, -0.00000000476837147544983963598497211933135986328125, 0.014646253548562526702880859375, 1, },
			{ 0.999975860118865966796875, 0, -0.006939001381397247314453125, 0, 0, 1, 0, 0, 0.006939001381397247314453125, 0, 0.999975860118865966796875, 0, 0.100967101752758026123046875, -0.00000000476837147544983963598497211933135986328125, 0.00953532196581363677978515625, 1, },
			{ 0.99998795986175537109375, 0, -0.004907540977001190185546875, 0, 0, 1, 0, 0, 0.004907540977001190185546875, 0, 0.99998795986175537109375, 0, 0.082165829837322235107421875, -0.00000000476837147544983963598497211933135986328125, 0.0056221676059067249298095703125, 1, },
			{ 0.999994933605194091796875, 0, -0.003199927508831024169921875, 0, 0, 1, 0, 0, 0.003199927508831024169921875, 0, 0.999994933605194091796875, 0, 0.060576476156711578369140625, -0.00000000476837147544983963598497211933135986328125, 0.00293389311991631984710693359375, 1, },
			{ 0.999998390674591064453125, 0, -0.0018332004547119140625, 0, 0, 1, 0, 0, 0.0018332004547119140625, 0, 0.999998390674591064453125, 0, 0.0385684184730052947998046875, -0.00000000476837147544983963598497211933135986328125, 0.0012767314910888671875, 1, },
			{ 0.999999582767486572265625, 0, -0.000829517841339111328125, 0, 0, 1, 0, 0, 0.000829517841339111328125, 0, 0.999999582767486572265625, 0, 0.01913909800350666046142578125, -0.00000000476837147544983963598497211933135986328125, 0.00040141106001101434230804443359375, 1, },
			{ 1, 0, -0.000211067497730255126953125, 0, 0, 1, 0, 0, 0.000211067497730255126953125, 0, 1, 0, 0.0052838134579360485076904296875, -0.00000000476837147544983963598497211933135986328125, 0.00005883216726942919194698333740234375, 1, },
			{ 1, 0, 0.000000007450580596923828125, 0, 0, 1, 0, 0, -0.000000007450580596923828125, 0, 1, 0, 0, -0.00000000476837147544983963598497211933135986328125, -0.0000000095367429508996792719699442386627197265625, 1, },
		},
	}
end